#Kinovea Trajectory data export
#T X Y

# métatarses
0.150 79,55 -110,82 
0.158 79,56 -109,83 
0.166 79,57 -109,83 
0.175 80,56 -110,82 
0.183 79,85 -108,70 
0.191 79,86 -108,69 
0.200 79,86 -108,70 
0.208 79,87 -108,70 
0.216 79,88 -108,69 
0.225 80,87 -108,69 
0.233 82,28 -107,98 
0.241 82,29 -105,85 
0.250 82,29 -105,85 
0.258 82,29 -105,85 
0.266 82,30 -105,85 
0.275 82,31 -105,85 
0.283 82,31 -105,85 
0.291 82,32 -105,85 
0.300 82,33 -105,85 
0.308 82,34 -105,85 
0.316 82,34 -105,84 
0.325 82,35 -105,84 
0.333 82,36 -105,84 
0.342 82,36 -105,84 
0.350 82,37 -105,83 
0.358 82,38 -105,83 
0.367 82,39 -105,83 
0.375 83,38 -105,83 
0.383 83,37 -105,82 
0.392 83,37 -105,82 
0.400 81,96 -103,69 
0.408 82,67 -102,98 
0.417 82,67 -102,98 
0.425 83,38 -101,56 
0.433 83,38 -101,56 
0.442 83,39 -101,56 
0.450 83,39 -99,43 
0.458 83,39 -99,43 
0.467 83,40 -98,43 
0.475 84,11 -96,30 
0.483 84,11 -93,17 
0.492 83,41 -91,46 
0.500 83,41 -84,78 
0.508 82,00 -83,07 
0.517 82,01 -82,08 
0.525 84,12 -79,66 
0.533 84,85 -77,52 
0.542 85,58 -75,11 
0.550 87,28 -71,98 
0.558 87,56 -68,14 
0.567 88,55 -67,15 
0.575 89,53 -66,15 
0.583 89,53 -65,15 
0.592 90,53 -65,15 
0.600 90,54 -64,15 
0.608 91,55 -62,15 
0.617 92,56 -60,15 
0.625 93,56 -59,15 
0.633 94,55 -58,15 
0.642 96,26 -57,15 
0.650 98,67 -56,15 
0.658 100,10 -54,15 
0.667 102,24 -54,99 
0.675 102,25 -51,99 
0.684 103,25 -53,76 
0.692 106,38 -52,48 
0.700 110,23 -51,90 
0.709 111,23 -49,90 
0.717 114,36 -48,61 
0.725 115,35 -46,61 
0.734 116,78 -44,61 

# tarse
0.133 77,53 -81,27 
0.141 77,54 -81,27 
0.150 78,54 -81,27 
0.158 78,54 -81,28 
0.166 77,48 -79,21 
0.175 77,91 -78,81 
0.183 77,92 -78,80 
0.191 77,53 -76,37 
0.200 76,72 -74,15 
0.208 76,72 -74,15 
0.216 76,74 -73,15 
0.225 76,76 -71,15 
0.233 77,74 -72,15 
0.241 77,74 -72,15 
0.250 77,74 -70,15 
0.258 79,36 -67,53 
0.266 79,36 -67,53 
0.275 79,37 -66,53 
0.283 79,38 -66,53 
0.291 79,38 -65,53 
0.300 79,38 -64,53 
0.308 79,39 -64,53 
0.316 79,39 -64,53 
0.325 79,40 -63,53 
0.333 79,40 -62,53 
0.342 79,40 -62,53 
0.350 79,41 -61,53 
0.358 79,42 -60,53 
0.367 79,44 -62,37 
0.375 79,46 -62,37 
0.383 79,49 -62,37 
0.392 80,47 -62,37 
0.400 80,47 -62,37 
0.408 80,48 -61,37 
0.417 80,50 -60,37 
0.425 80,53 -60,37 
0.433 81,50 -60,37 
0.442 81,49 -59,37 
0.450 81,48 -59,37 
0.458 81,47 -57,37 
0.467 81,47 -55,37 
0.475 81,48 -54,37 
0.483 81,50 -51,37 
0.492 82,90 -47,07 
0.500 82,93 -46,07 
0.508 83,12 -44,04 
0.517 82,84 -45,29 
0.525 84,12 -44,04 
0.533 83,74 -40,28 
0.542 84,60 -36,61 
0.550 84,62 -35,61 
0.558 86,75 -33,61 
0.567 86,78 -31,61 
0.575 88,20 -28,52 
0.583 88,24 -27,52 
0.592 89,26 -25,52 
0.600 90,25 -24,52 
0.608 91,24 -23,52 
0.617 91,26 -22,52 
0.625 93,10 -21,36 
0.633 95,63 -21,36 
0.642 95,66 -21,36 
0.650 96,65 -21,36 
0.658 96,66 -21,36 
0.667 97,67 -20,36 
0.675 98,68 -20,36 
0.684 99,69 -20,36 
0.692 101,68 -20,36 
0.700 102,68 -20,36 
0.709 108,14 -21,36 
0.717 109,15 -20,36 
0.725 113,50 -21,12 
0.734 114,51 -20,12 
0.742 117,60 -20,88 
0.750 118,18 -21,96 
0.759 118,75 -23,05 

# début queue
0.000 66,19 95,98 
0.008 66,78 95,99 
0.016 69,88 95,15 
0.025 70,87 94,16 
0.033 71,87 94,16 
0.041 72,87 93,16 
0.050 73,88 93,17 
0.058 74,88 93,17 
0.066 75,18 93,18 
0.075 77,15 94,17 
0.083 77,16 94,24 
0.091 77,74 93,64 
0.100 79,42 94,63 
0.108 81,42 95,64 
0.116 80,17 95,45 
0.125 80,91 95,52 
0.133 82,06 94,18 
0.141 84,03 96,01 
0.150 84,20 95,67 
0.158 86,04 95,33 
0.166 85,36 95,25 
0.175 86,34 96,25 
0.183 89,40 99,09 
0.191 91,94 101,18 
0.200 92,80 102,43 
0.208 93,23 102,85 
0.216 95,49 105,69 
0.225 95,50 107,68 
0.233 96,50 108,69 
0.241 96,51 109,69 
0.250 97,51 110,69 
0.258 98,09 110,85 
0.266 98,10 111,86 
0.275 98,11 111,85 
0.283 98,13 111,86 
0.291 99,14 112,85 
0.300 99,14 111,86 
0.308 99,16 111,86 
0.316 100,15 111,86 
0.325 100,15 111,86 
0.333 101,15 112,86 
0.342 101,37 112,08 
0.350 103,94 110,66 
0.358 103,96 111,65 
0.367 103,97 110,65 
0.375 105,66 108,57 
0.383 106,51 107,89 
0.392 109,03 107,21 

# hanche
0.116 57,39 72,94 
0.125 57,35 73,96 
0.133 58,31 75,96 
0.141 58,32 76,96 
0.150 58,06 78,95 
0.158 58,05 80,94 
0.166 58,06 80,95 
0.175 59,06 82,95 
0.183 60,03 83,97 
0.191 60,05 84,98 
0.200 61,05 86,96 
0.208 62,33 88,22 
0.216 62,30 89,22 
0.225 62,32 90,20 
0.233 63,29 90,22 
0.241 63,32 91,20 
0.250 64,31 91,20 
0.258 64,34 91,21 
0.266 65,34 91,23 
0.275 65,37 91,23 
0.283 66,37 91,24 
0.291 67,34 91,25 
0.300 67,36 91,23 
0.308 68,33 90,25 
0.316 68,35 90,24 
0.325 69,32 89,25 
0.333 69,33 88,27 
0.342 70,32 88,26 
0.350 70,34 87,26 
0.358 71,33 86,27 
0.367 72,31 86,25 
0.375 72,32 85,24 
0.383 73,30 84,25 
0.392 75,81 82,84 
0.400 76,79 82,82 
0.408 76,80 81,81 
0.417 77,79 80,83 
0.425 77,81 80,82 
0.433 78,81 80,80 
0.442 78,82 79,81 
0.450 80,23 79,81 
0.458 79,26 79,80 
0.467 80,26 79,82 
0.475 80,27 79,84 
0.483 81,26 80,84 
0.492 81,27 80,86 
0.500 82,26 81,86 
0.508 83,25 82,85 
0.517 83,26 82,85 
0.525 84,28 83,84 
0.533 85,27 85,91 
0.542 85,27 86,90 
0.550 86,27 87,90 
0.558 87,27 88,90 
0.567 88,23 89,91 
0.575 88,25 90,91 
0.583 89,22 91,91 
0.592 89,23 92,92 
0.600 89,25 93,90 
0.608 88,26 93,93 
