#Kinovea Trajectory data export
#T X Y

# métatarses
0.000 77,20 -21,97 
0.008 72,19 -25,96 
0.016 68,20 -29,94 
0.025 67,17 -31,92 
0.033 65,18 -31,91 
0.041 67,18 -31,91 
0.050 67,16 -31,90 
0.058 66,16 -30,90 
0.066 64,17 -31,89 
0.075 65,16 -30,89 
0.083 64,16 -31,87 
0.091 64,15 -31,86 
0.100 64,13 -31,85 
0.108 64,08 -31,84 
0.116 64,06 -31,84 
0.125 64,03 -31,83 
0.133 64,02 -31,83 
0.141 64,01 -31,83 
0.150 64,00 -31,83 
0.158 64,98 -31,82 
0.166 64,95 -31,82 
0.175 63,95 -31,80 
0.183 63,94 -31,78 
0.191 63,94 -31,76 
0.200 62,93 -31,73 
0.208 61,94 -30,75 
0.216 60,94 -31,73 
0.225 60,95 -31,72 
0.233 60,93 -31,72 
0.241 60,91 -31,72 
0.250 59,91 -31,73 
0.258 59,91 -31,74 
0.266 59,91 -31,73 
0.275 59,90 -31,73 
0.283 61,10 -32,28 
0.291 60,56 -32,84 
0.300 61,67 -31,75 
0.308 62,22 -31,76 
0.316 58,96 -31,77 
0.325 62,78 -31,25 
0.333 62,78 -32,89 
0.342 62,24 -32,35 
0.350 62,23 -32,36 
0.358 62,21 -32,35 
0.367 61,23 -32,38 
0.375 61,25 -31,73 
0.383 61,23 -31,74 
0.392 61,21 -31,74 
0.400 60,22 -31,74 
0.408 60,22 -31,73 
0.417 59,24 -31,74 
0.425 59,26 -31,74 
0.433 59,27 -31,74 
0.442 59,25 -31,73 
0.450 57,16 -30,07 
0.458 57,14 -30,08 
0.467 55,15 -30,09 
0.475 55,13 -30,11 
0.483 53,14 -29,10 
0.492 52,14 -30,10 
0.500 51,13 -30,12 
0.508 49,15 -32,12 
0.517 46,50 -26,29 
0.525 42,50 -28,28 
0.533 36,00 -28,28 
0.542 29,14 -30,43 
0.550 20,78 -30,58 
0.558 9,34 -32,50 
0.567 -1,63 -37,87 
0.575 -8,14 -44,87 
0.583 -19,69 -48,88 
0.592 -34,59 -51,72 
0.600 -48,93 -55,43 
0.608 -54,02 -58,10 
0.617 -71,05 -64,49 
0.625 -81,91 -65,17 
0.633 -98,94 -71,56 
0.642 -114,55 -73,69 
0.650 -126,79 -78,24 
0.658 -145,24 -85,34 
0.667 -161,79 -92,02 
0.675 -184,59 -103,40 
0.684 -197,84 -108,13 
0.692 -214,88 -115,54 
0.700 -233,69 -120,34 
0.709 -256,18 -131,66 
0.717 -275,10 -136,39 
0.725 -296,77 -141,18 
0.734 -323,26 -147,81 
0.742 -341,23 -149,70 
0.750 -360,16 -155,38 
0.759 -380,02 -161,05 
0.767 -396,11 -165,78 
0.775 -410,30 -169,57 
0.784 -423,55 -172,41 
0.792 -430,08 -172,42 
0.800 -436,63 -175,43 
0.809 -443,15 -179,44 
0.817 -454,38 -186,38 
0.825 -459,37 -190,39 

# tarse
0.000 120,68 30,90 
0.008 115,70 27,90 
0.016 111,73 24,90 
0.025 109,68 22,91 
0.033 108,67 21,90 
0.041 107,69 19,90 
0.050 107,67 19,90 
0.058 106,64 19,91 
0.066 103,65 18,92 
0.075 102,65 19,92 
0.083 101,63 20,93 
0.091 101,58 20,93 
0.100 100,60 20,93 
0.108 100,59 20,95 
0.116 100,56 21,95 
0.125 100,54 22,94 
0.133 99,51 21,94 
0.141 98,52 22,94 
0.150 97,54 23,94 
0.158 97,53 24,95 
0.166 96,53 25,94 
0.175 95,53 25,94 
0.183 94,53 25,95 
0.191 93,20 23,44 
0.200 92,20 24,44 
0.208 91,19 25,43 
0.216 86,99 23,48 
0.225 86,03 23,49 
0.233 85,01 23,50 
0.241 83,98 24,49 
0.250 82,98 24,50 
0.258 81,97 25,50 
0.266 80,97 25,50 
0.275 79,97 25,50 
0.283 78,96 25,50 
0.291 77,96 26,50 
0.300 76,93 26,49 
0.308 75,93 26,49 
0.316 77,19 27,24 
0.325 76,18 27,23 
0.333 75,19 27,22 
0.342 74,19 27,21 
0.350 73,17 27,20 
0.358 72,11 27,19 
0.367 70,12 27,18 
0.375 69,12 26,18 
0.383 67,15 27,17 
0.392 66,15 26,16 
0.400 64,20 26,16 
0.408 62,23 26,16 
0.417 60,27 26,17 
0.425 59,22 26,15 
0.433 58,69 27,40 
0.442 56,70 27,39 
0.450 54,72 27,39 
0.458 52,72 27,38 
0.467 50,72 27,40 
0.475 48,66 29,40 
0.483 44,71 31,39 
0.492 40,74 32,38 
0.500 35,77 31,38 
0.508 30,75 30,36 
0.517 24,77 28,36 
0.525 18,77 27,35 
0.533 12,74 26,34 
0.542 6,71 25,34 
0.550 -0,27 25,33 
0.558 -6,28 25,30 
0.567 -13,29 24,31 
0.575 -18,29 24,31 
0.583 -26,31 23,32 
0.592 -35,29 22,34 
0.600 -44,28 20,35 
0.608 -54,26 18,37 
0.617 -64,24 15,38 
0.625 -74,24 12,36 
0.633 -85,24 8,33 
0.642 -96,26 2,32 
0.650 -108,27 -3,67 
0.658 -121,25 -9,69 
0.667 -134,25 -16,68 
0.675 -148,25 -23,67 
0.684 -163,23 -30,67 
0.692 -177,25 -37,67 
0.700 -192,77 -44,68 
0.709 -208,30 -51,68 
0.717 -224,73 -53,36 
0.725 -242,91 -56,70 
0.734 -258,43 -62,70 
0.742 -273,95 -68,69 
0.750 -289,49 -72,70 
0.759 -305,02 -78,70 
0.767 -320,53 -83,70 
0.775 -334,55 -87,70 
0.784 -347,54 -90,71 
0.792 -358,57 -93,71 
0.800 -368,58 -96,71 
0.809 -377,59 -99,72 
0.817 -385,57 -103,72 
0.825 -390,57 -105,72 

# jarret
0.000 152,44 158,57 
0.008 147,44 156,57 
0.016 143,44 154,57 
0.025 139,45 152,56 
0.033 136,51 148,51 
0.041 133,50 145,52 
0.050 129,50 143,52 
0.058 127,03 141,52 
0.066 123,03 139,52 
0.075 120,03 137,52 
0.083 117,03 136,52 
0.091 114,03 135,52 
0.100 112,02 134,52 
0.108 110,02 134,52 
0.116 107,02 134,52 
0.125 105,02 134,51 
0.133 102,02 134,52 
0.141 100,03 134,52 
0.150 98,03 134,52 
0.158 97,39 134,52 
0.166 97,55 134,52 
0.175 95,54 134,52 
0.183 93,54 134,51 
0.191 90,54 133,51 
0.200 88,54 130,15 
0.208 85,54 129,15 
0.216 83,54 129,15 
0.225 80,54 128,16 
0.233 77,54 128,15 
0.241 74,54 127,15 
0.250 71,54 126,15 
0.258 67,55 125,15 
0.266 64,55 124,15 
0.275 61,55 123,15 
0.283 57,55 122,15 
0.291 54,55 121,15 
0.300 51,55 119,15 
0.308 48,55 118,15 
0.316 44,56 116,15 
0.325 41,56 114,15 
0.333 39,56 112,16 
0.342 38,92 110,16 
0.350 35,93 108,16 
0.358 33,92 107,15 
0.367 30,92 105,15 
0.375 27,92 103,16 
0.383 24,92 102,16 
0.392 21,92 101,16 
0.400 18,92 100,16 
0.408 15,92 99,16 
0.417 12,92 98,16 
0.425 8,92 97,16 
0.433 5,92 96,16 
0.442 2,92 96,16 
0.450 1,07 94,16 
0.458 -1,22 93,85 
0.467 -5,23 93,84 
0.475 -10,22 92,83 
0.483 -15,23 91,83 
0.492 -20,23 90,83 
0.500 -26,23 89,83 
0.508 -33,22 88,83 
0.517 -39,22 87,83 
0.525 -46,22 86,83 
0.533 -53,23 85,83 
0.542 -62,22 83,83 
0.550 -70,22 82,84 
0.558 -79,22 81,84 
0.567 -87,22 80,84 
0.575 -97,21 79,84 
0.583 -107,16 77,89 
0.592 -121,89 75,01 
0.600 -132,88 75,00 
0.608 -142,89 74,01 
0.617 -153,88 74,01 
0.625 -163,88 74,02 
0.633 -173,88 75,01 
0.642 -183,88 75,00 
0.650 -194,88 75,00 
0.658 -204,88 75,01 
0.667 -213,88 76,00 
0.675 -231,44 77,94 
0.684 -241,44 77,95 
0.692 -250,44 77,96 
0.700 -259,44 77,97 
0.709 -271,23 78,92 
0.717 -279,23 78,92 
0.725 -290,06 78,92 
0.734 -298,06 78,91 
0.742 -307,01 77,91 
0.750 -315,00 76,91 
0.759 -323,00 75,91 
0.767 -330,95 75,79 
0.775 -338,95 73,79 
0.784 -346,94 71,79 
0.792 -353,94 69,78 
0.800 -360,94 66,79 
0.809 -366,94 63,79 
0.817 -373,94 60,79 
0.825 -379,94 57,79 

# hanche
0.000 214,79 269,23 
0.008 210,79 268,24 
0.016 206,81 268,23 
0.025 201,90 267,22 
0.033 197,91 266,23 
0.041 193,91 265,24 
0.050 191,80 264,23 
0.058 187,81 263,23 
0.066 183,81 262,23 
0.075 179,82 261,23 
0.083 176,81 261,23 
0.091 172,82 261,22 
0.100 169,81 261,22 
0.108 165,86 260,28 
0.116 162,86 261,28 
0.125 159,85 261,28 
0.133 155,85 263,28 
0.141 152,84 263,28 
0.150 148,84 265,28 
0.158 144,85 267,28 
0.166 144,68 266,39 
0.175 141,67 266,39 
0.183 138,66 266,39 
0.191 134,65 266,38 
0.200 130,65 266,38 
0.208 126,65 266,39 
0.216 122,64 267,39 
0.225 119,64 266,39 
0.233 114,64 267,39 
0.241 112,64 265,39 
0.250 105,97 264,12 
0.258 103,97 262,13 
0.266 99,24 260,02 
0.275 97,24 258,02 
0.283 88,68 260,59 
0.291 85,67 260,59 
0.300 80,68 259,59 
0.308 76,68 258,59 
0.316 72,67 257,59 
0.325 68,67 255,59 
0.333 64,67 254,59 
0.342 60,67 253,59 
0.350 56,67 251,59 
0.358 52,66 249,59 
0.367 44,82 250,48 
0.375 40,81 248,48 
0.383 35,82 247,48 
0.392 31,81 245,48 
0.400 26,81 243,49 
0.408 21,81 242,48 
0.417 16,81 240,49 
0.425 11,81 239,49 
0.433 6,81 237,49 
0.442 1,80 236,49 
0.450 -4,19 235,49 
0.458 -9,19 235,49 
0.467 -10,95 235,24 
0.475 -15,95 235,23 
0.483 -20,96 234,23 
0.492 -26,96 235,23 
0.500 -31,96 234,23 
0.508 -37,96 234,23 
0.517 -43,96 234,24 
0.525 -49,96 235,23 
0.533 -55,95 235,23 
0.542 -64,19 236,98 
0.550 -70,20 237,98 
0.558 -76,20 239,98 
0.567 -83,20 240,98 
0.575 -89,20 241,98 
0.583 -95,20 242,98 
0.592 -102,20 243,98 
0.600 -108,20 243,98 
0.608 -114,21 244,98 
0.617 -122,20 244,98 
0.625 -126,72 245,98 
0.633 -132,72 246,98 
0.642 -135,99 246,98 
0.650 -141,99 247,97 
0.658 -148,99 247,97 
0.667 -154,99 246,97 
0.675 -161,99 245,97 
0.684 -167,99 245,97 
0.692 -173,99 244,97 
0.700 -180,98 243,98 
0.709 -186,98 242,98 
0.717 -192,98 242,98 
0.725 -197,98 241,97 
0.734 -203,98 239,98 
0.742 -209,98 239,97 
0.750 -214,98 237,97 
0.759 -220,98 236,97 
0.767 -225,98 234,97 
0.775 -231,98 232,97 
0.784 -237,98 230,97 
0.792 -243,98 228,97 
0.800 -249,98 226,97 
0.809 -255,99 223,97 
0.817 -262,99 221,97 
0.825 -268,99 219,97 

# pointe dos
0.000 112,58 343,60 
0.008 112,58 343,60 
0.016 112,58 343,60 
0.025 112,58 342,60 
0.033 100,75 342,39 
0.041 98,39 341,40 
0.050 92,87 340,39 
0.058 82,61 338,60 
0.066 79,61 337,60 
0.075 76,61 336,60 
0.083 72,61 336,60 
0.091 69,61 336,57 
0.100 66,61 336,56 
0.108 61,61 336,54 
0.116 62,55 336,34 
0.125 60,55 336,31 
0.133 57,55 335,32 
0.141 53,55 335,30 
0.150 47,55 334,31 
0.158 43,55 334,30 
0.166 37,98 333,48 
0.175 30,98 333,47 
0.183 30,07 333,54 
0.191 26,07 333,53 
0.200 22,07 333,53 
0.208 18,07 333,52 
0.216 10,07 332,53 
0.225 10,06 333,53 
0.233 6,05 333,54 
0.241 0,05 333,54 
0.250 -5,94 333,56 
0.258 -8,94 334,54 
0.266 -12,94 334,56 
0.275 -16,94 334,57 
0.283 -20,95 335,57 
0.291 -27,95 334,58 
0.300 -30,92 335,02 
0.308 -35,92 335,02 
0.316 -40,92 336,02 
0.325 -50,85 334,46 
0.333 -61,16 334,49 
0.342 -61,18 335,47 
0.350 -65,93 334,70 
0.358 -68,50 337,07 
0.367 -68,50 337,08 
0.375 -80,34 337,88 
0.383 -86,65 337,10 
0.392 -90,59 337,90 
0.400 -103,21 337,90 
0.408 -111,09 337,90 
0.417 -118,98 337,91 
0.425 -130,02 337,91 
0.433 -138,02 337,91 
0.442 -146,06 337,91 
0.450 -148,06 337,90 
0.458 -159,06 336,91 
0.467 -167,15 335,12 
0.475 -171,10 332,75 
0.483 -171,10 332,73 
0.492 -180,56 331,53 
0.500 -189,24 331,32 
0.508 -190,02 330,32 
0.517 -205,80 329,32 
0.525 -212,89 329,31 
0.533 -219,98 326,93 
0.542 -225,50 326,92 
0.550 -232,61 325,34 
0.558 -232,61 325,34 
0.567 -242,07 327,70 
0.575 -250,75 327,71 
0.583 -257,06 326,92 
0.592 -261,79 326,14 
0.600 -269,79 326,14 
0.608 -278,79 326,14 
0.617 -285,79 326,13 
0.625 -297,94 325,34 
0.633 -305,94 325,35 
0.642 -322,04 325,35 
0.650 -330,04 325,35 
0.658 -338,04 325,35 
0.667 -344,04 325,35 
0.675 -354,04 325,35 
0.684 -362,04 325,34 
0.692 -362,04 325,35 
0.700 -374,04 325,34 
0.709 -380,04 325,34 
0.717 -386,04 325,33 
0.725 -402,03 323,33 
0.734 -402,03 324,32 
0.742 -402,03 324,32 
0.750 -409,27 323,75 
0.759 -424,36 323,74 
0.767 -428,30 322,17 
0.775 -436,30 322,16 
0.784 -438,30 322,15 
0.792 -451,30 320,16 
0.800 -452,30 320,16 
0.809 -460,30 319,16 
0.817 -462,27 319,53 
0.825 -470,26 318,53 
