#Kinovea Trajectory data export
#T X Y

# métatarses
0.000 -142,89 -153,26 
0.008 -144,89 -154,24 
0.016 -145,90 -155,24 
0.025 -146,91 -155,25 
0.033 -146,90 -155,25 
0.041 -145,90 -156,25 
0.050 -144,90 -156,25 
0.058 -143,90 -155,26 
0.066 -143,90 -155,26 
0.075 -143,90 -155,26 
0.083 -143,91 -155,26 
0.091 -144,90 -155,26 
0.100 -144,91 -155,25 
0.108 -144,91 -154,25 
0.116 -145,91 -154,26 
0.125 -146,91 -155,25 
0.133 -146,91 -154,25 
0.141 -147,91 -155,25 
0.150 -147,91 -155,24 
0.158 -148,90 -155,24 
0.166 -148,91 -155,24 
0.175 -148,90 -154,24 
0.183 -148,90 -154,25 
0.191 -148,90 -154,25 
0.200 -148,91 -154,24 
0.208 -148,92 -154,24 
0.216 -149,91 -154,23 
0.225 -148,92 -153,23 
0.233 -149,92 -153,23 
0.241 -150,92 -154,23 
0.250 -150,93 -154,23 
0.258 -150,92 -153,23 
0.266 -150,93 -153,23 
0.275 -150,93 -153,23 
0.283 -151,93 -153,24 
0.291 -151,93 -153,23 
0.300 -151,93 -153,23 
0.308 -151,94 -153,23 
0.316 -151,96 -153,23 
0.325 -152,95 -153,22 
0.333 -152,95 -153,22 
0.342 -152,95 -153,22 
0.350 -152,96 -153,21 
0.358 -152,53 -153,21 
0.367 -152,53 -153,21 
0.375 -152,53 -153,21 
0.383 -152,54 -153,21 
0.392 -152,54 -153,21 
0.400 -152,55 -153,20 
0.408 -152,56 -153,19 
0.417 -153,56 -153,19 
0.425 -153,55 -153,18 
0.433 -153,55 -152,19 
0.442 -153,55 -152,18 
0.450 -153,56 -151,18 
0.458 -154,55 -150,19 
0.467 -155,56 -150,18 
0.475 -155,57 -148,18 
0.483 -157,56 -144,18 
0.492 -158,55 -138,87 
0.500 -160,54 -136,86 
0.508 -162,53 -133,87 
0.517 -164,54 -130,87 
0.525 -168,50 -124,55 
0.533 -172,50 -120,08 
0.542 -177,93 -114,66 
0.550 -187,66 -109,30 
0.558 -191,66 -108,29 
0.567 -197,66 -105,29 
0.575 -203,03 -103,87 
0.583 -207,03 -103,88 
0.592 -211,78 -101,64 
0.600 -216,77 -101,64 
0.608 -229,25 -93,42 
0.617 -235,24 -91,43 
0.625 -241,24 -89,43 
0.633 -252,23 -86,19 
0.642 -257,23 -84,19 
0.650 -262,23 -82,19 
0.658 -267,23 -80,19 
0.667 -272,22 -79,20 
0.675 -277,47 -75,96 
0.684 -279,48 -74,96 
0.692 -281,48 -73,95 
0.700 -287,21 -69,96 
0.709 -290,22 -67,96 
0.717 -295,97 -63,71 
0.725 -298,97 -61,71 
0.734 -305,21 -55,23 
0.742 -308,20 -54,24 
0.750 -311,20 -53,23 
0.759 -314,19 -53,22 
0.767 -317,94 -46,49 
0.775 -319,93 -46,48 
0.784 -320,93 -45,49 
0.792 -321,93 -45,48 
0.800 -322,93 -44,49 
0.809 -325,91 -42,24 
0.817 -325,92 -42,24 
0.825 -325,92 -42,24 

# tarse
0.000 -126,38 -136,84 
0.008 -128,40 -136,83 
0.016 -130,40 -137,82 
0.025 -131,39 -138,82 
0.033 -130,41 -139,83 
0.041 -129,39 -140,84 
0.050 -127,41 -141,84 
0.058 -127,39 -141,83 
0.066 -126,40 -140,83 
0.075 -126,39 -139,83 
0.083 -126,39 -139,82 
0.091 -126,40 -138,82 
0.100 -127,38 -137,83 
0.108 -127,39 -136,84 
0.116 -128,39 -134,47 
0.125 -128,43 -132,47 
0.133 -129,44 -131,47 
0.141 -130,42 -130,47 
0.150 -130,43 -129,47 
0.158 -131,40 -128,46 
0.166 -131,41 -126,46 
0.175 -132,39 -125,46 
0.183 -132,40 -124,46 
0.191 -133,40 -123,46 
0.200 -133,44 -121,46 
0.208 -134,47 -120,45 
0.216 -135,48 -118,45 
0.225 -136,47 -117,45 
0.233 -137,46 -116,45 
0.241 -138,44 -114,45 
0.250 -139,42 -113,45 
0.258 -140,42 -111,44 
0.266 -141,43 -109,44 
0.275 -142,46 -108,43 
0.283 -143,44 -107,43 
0.291 -144,42 -105,42 
0.300 -145,39 -104,41 
0.308 -146,39 -102,42 
0.316 -147,39 -101,44 
0.325 -148,38 -101,43 
0.333 -149,37 -100,43 
0.342 -150,36 -99,44 
0.350 -151,34 -99,43 
0.358 -152,32 -98,43 
0.367 -152,33 -98,42 
0.375 -153,33 -97,41 
0.383 -154,33 -96,41 
0.392 -155,33 -95,42 
0.400 -156,34 -94,43 
0.408 -157,35 -93,45 
0.417 -158,36 -93,44 
0.425 -160,36 -92,43 
0.433 -160,19 -91,43 
0.442 -162,18 -89,43 
0.450 -163,20 -88,42 
0.458 -166,18 -86,42 
0.467 -168,38 -82,05 
0.475 -170,38 -78,05 
0.483 -172,39 -75,05 
0.492 -175,39 -70,67 
0.500 -178,40 -68,66 
0.508 -182,38 -66,67 
0.517 -185,39 -64,69 
0.525 -188,21 -59,15 
0.533 -192,21 -55,16 
0.542 -196,22 -53,15 
0.550 -201,20 -50,14 
0.558 -205,21 -46,15 
0.567 -210,22 -43,16 
0.575 -215,19 -40,15 
0.583 -219,19 -36,14 
0.592 -224,18 -33,14 
0.600 -228,18 -30,15 
0.608 -233,78 -29,35 
0.617 -238,76 -27,54 
0.625 -243,74 -26,52 
0.633 -248,71 -25,51 
0.642 -254,51 -26,30 
0.650 -259,49 -25,29 
0.658 -263,48 -25,29 
0.667 -268,44 -26,47 
0.675 -272,44 -25,47 
0.684 -276,46 -25,48 
0.692 -280,46 -25,48 
0.700 -283,84 -28,45 
0.709 -286,89 -27,45 
0.717 -290,87 -27,43 
0.725 -292,68 -28,20 
0.734 -295,68 -26,20 
0.742 -298,09 -29,75 
0.750 -301,07 -28,75 
0.759 -309,60 -28,93 
0.767 -311,60 -27,94 
0.775 -313,57 -26,95 
0.784 -314,57 -26,93 
0.792 -316,55 -24,94 
0.800 -316,55 -24,93 
0.809 -317,53 -23,94 
0.817 -317,53 -23,95 
0.825 -317,53 -24,97 

# jarret
0.000 -136,76 -6,36 
0.008 -137,63 -5,80 
0.016 -139,63 -5,80 
0.025 -141,62 -5,80 
0.033 -142,63 -6,80 
0.041 -144,63 -6,79 
0.050 -146,63 -5,79 
0.058 -149,77 -7,07 
0.066 -151,77 -7,06 
0.075 -153,76 -6,05 
0.083 -156,90 -7,32 
0.091 -158,90 -6,32 
0.100 -160,91 -5,31 
0.108 -163,34 -3,32 
0.116 -165,34 -2,31 
0.125 -167,91 -1,45 
0.133 -168,21 -2,14 
0.141 -170,22 -0,16 
0.150 -172,23 -0,86 
0.158 -174,23 0,15 
0.166 -176,23 2,15 
0.175 -178,24 3,15 
0.183 -180,25 5,15 
0.191 -182,25 6,16 
0.200 -184,25 8,15 
0.208 -186,25 9,15 
0.216 -188,26 9,02 
0.225 -190,26 10,02 
0.233 -192,26 11,03 
0.241 -194,26 12,03 
0.250 -196,27 13,04 
0.258 -199,27 14,05 
0.266 -201,27 15,05 
0.275 -203,27 16,05 
0.283 -206,27 17,04 
0.291 -207,13 17,04 
0.300 -209,14 17,05 
0.308 -211,56 17,48 
0.316 -213,57 17,48 
0.325 -213,73 19,61 
0.333 -215,73 19,62 
0.342 -214,33 20,76 
0.350 -216,34 20,76 
0.358 -218,34 20,76 
0.367 -220,35 20,77 
0.375 -222,35 20,77 
0.383 -224,35 21,77 
0.392 -225,35 21,77 
0.400 -227,35 22,77 
0.408 -228,35 22,77 
0.417 -230,35 23,77 
0.425 -232,34 24,77 
0.433 -234,34 25,78 
0.442 -235,34 26,77 
0.450 -237,34 27,77 
0.458 -239,34 28,78 
0.467 -241,33 29,78 
0.475 -243,33 30,78 
0.483 -243,49 30,51 
0.492 -245,50 31,51 
0.500 -248,50 32,51 
0.508 -251,50 33,52 
0.517 -254,49 34,52 
0.525 -257,49 35,52 
0.533 -260,49 36,53 

# hanche
0.000 -97,02 86,60 
0.008 -100,01 86,60 
0.016 -102,02 86,60 
0.025 -105,02 86,60 
0.033 -108,03 86,58 
0.041 -109,90 86,57 
0.050 -112,90 86,55 
0.058 -115,91 86,55 
0.066 -119,90 86,57 
0.075 -122,88 87,58 
0.083 -124,89 88,61 
0.091 -127,88 90,59 
0.100 -129,87 92,55 
0.108 -131,87 93,57 
0.116 -133,87 95,60 
0.125 -135,31 95,74 
0.133 -137,32 97,75 
0.141 -140,32 100,73 
0.150 -143,31 102,75 
0.158 -152,13 106,30 
0.166 -155,13 108,30 
0.175 -158,11 110,29 
0.183 -160,12 112,29 
0.191 -163,13 114,29 
0.200 -166,13 116,26 
0.208 -169,12 117,27 
0.216 -173,25 118,13 
0.225 -176,25 119,14 
0.233 -179,24 120,16 
0.241 -181,25 122,15 
0.250 -183,12 121,99 
0.258 -186,11 122,97 
0.266 -188,12 122,98 
0.275 -189,42 122,83 
0.283 -192,41 122,84 
0.291 -195,55 122,85 
0.300 -197,56 122,86 
0.308 -200,56 122,85 
0.316 -202,56 122,84 
0.325 -205,55 121,85 
0.333 -207,55 121,85 
0.342 -209,55 120,86 
0.350 -211,55 120,85 
0.358 -213,55 119,85 
0.367 -215,56 119,84 
0.375 -216,43 119,41 
0.383 -218,43 119,38 
0.392 -220,44 118,39 
0.400 -222,45 118,37 
0.408 -225,44 117,37 
0.417 -227,45 117,37 
0.425 -230,59 117,35 
0.433 -232,59 117,34 
0.442 -237,86 116,76 
0.450 -239,87 116,77 
0.458 -242,86 117,76 
0.467 -244,87 117,77 
0.475 -247,86 118,78 
0.483 -250,43 119,79 
0.492 -251,87 121,93 
0.500 -253,88 122,93 
0.508 -256,87 123,93 
0.517 -258,86 124,93 
0.525 -260,86 125,94 
0.533 -262,85 127,92 
0.542 -264,84 128,92 
0.550 -266,83 130,91 
0.558 -268,83 132,90 
0.567 -270,83 133,90 
0.575 -272,83 135,90 
0.583 -274,85 137,89 
0.592 -276,13 138,32 
0.600 -278,15 139,33 
0.608 -280,01 140,34 
0.617 -282,02 141,34 
0.625 -285,00 142,33 
0.633 -287,00 143,32 
0.642 -289,01 143,33 
0.650 -291,02 144,33 
0.658 -294,01 144,34 
0.667 -296,00 145,34 
0.675 -298,98 145,35 
0.684 -299,99 146,34 
0.692 -302,00 146,34 
0.700 -303,99 146,34 
0.709 -305,99 146,35 
0.717 -306,99 146,36 
0.725 -308,99 146,37 
0.734 -309,99 147,36 
0.742 -310,99 146,37 
0.750 -311,99 146,38 
0.759 -313,00 146,38 
0.767 -313,01 146,37 
0.775 -315,00 145,37 
0.784 -316,99 145,36 
0.792 -317,98 144,36 
0.800 -318,98 143,37 
0.809 -319,99 143,36 
0.817 -321,98 142,36 
0.825 -322,98 141,37 

# début queue
0.000 -36,61 96,95 
0.008 -40,61 95,95 
0.016 -42,61 94,96 
0.025 -45,61 93,96 
0.033 -47,61 92,96 
0.041 -50,18 93,96 
0.050 -51,18 92,96 
0.058 -54,19 92,47 
0.066 -55,19 92,47 
0.075 -56,19 92,46 
0.083 -60,23 93,97 
0.091 -60,23 93,96 
0.100 -65,80 99,54 
0.108 -71,37 102,08 
0.116 -74,43 105,12 
0.125 -75,96 107,13 
0.133 -79,96 109,12 
0.141 -81,96 109,15 
0.150 -83,96 110,14 
0.158 -89,96 113,13 
0.166 -90,96 114,14 
0.175 -95,98 117,68 
0.183 -98,98 119,67 
0.191 -105,52 124,19 
0.200 -109,51 124,21 
0.208 -115,03 128,73 
0.216 -117,03 129,74 
0.225 -121,04 130,74 
0.233 -124,03 130,75 
0.241 -126,03 131,75 
0.250 -129,02 133,75 
0.258 -133,02 134,74 
0.266 -134,03 134,75 
0.275 -139,01 134,75 
0.283 -141,02 134,76 
0.291 -144,02 134,77 
0.300 -143,48 135,26 
0.308 -144,97 137,27 
0.316 -148,48 137,77 
0.325 -151,50 137,77 
0.333 -155,01 136,29 
0.342 -157,00 135,80 
0.350 -160,01 134,79 
0.358 -162,51 132,81 
0.367 -164,99 133,31 
0.375 -166,96 133,84 
0.383 -170,96 132,84 
0.392 -173,95 132,84 
0.400 -175,96 131,84 
0.408 -178,95 131,84 
0.417 -180,94 129,84 
0.425 -182,94 128,85 
0.433 -184,94 128,84 
0.442 -186,95 127,84 
0.450 -189,93 127,85 
0.458 -190,94 126,85 
0.467 -191,94 125,85 
0.475 -194,94 126,85 
0.483 -195,89 127,25 
0.492 -198,88 127,25 
0.500 -199,87 127,25 
0.508 -200,88 127,25 
0.517 -202,89 128,25 
0.525 -204,88 129,25 
0.533 -206,36 131,22 
0.542 -208,35 132,22 
0.550 -210,36 134,22 
0.558 -212,35 135,23 
0.567 -214,35 137,23 
0.575 -216,35 139,22 
0.583 -218,36 140,22 
0.592 -221,37 139,71 
0.600 -223,37 140,71 
0.608 -225,36 141,71 
0.617 -227,36 143,71 
0.625 -229,87 143,19 
0.633 -232,86 144,19 
0.642 -236,38 145,19 
0.650 -237,39 145,19 
0.658 -239,90 145,70 
0.667 -241,90 145,71 
0.675 -243,90 145,72 
0.684 -244,90 145,72 
0.692 -247,88 147,18 
0.700 -250,88 147,18 
0.709 -251,89 147,18 
0.717 -252,89 147,18 
0.725 -254,90 147,19 
0.734 -255,87 147,67 
0.742 -257,85 147,67 
0.750 -260,86 147,68 
0.759 -261,82 148,17 
0.767 -264,83 148,17 
0.775 -264,29 148,68 
0.784 -266,30 148,68 
0.792 -268,29 148,68 
0.800 -270,29 148,67 
0.809 -272,29 147,17 
0.817 -273,29 147,16 
0.825 -275,29 145,17 

# pointe dos
0.000 -131,51 167,23 
0.008 -135,51 168,22 
0.016 -141,57 170,93 
0.025 -145,57 172,93 
0.033 -148,57 172,93 
0.041 -151,57 172,93 
0.050 -154,57 172,94 
0.058 -159,57 173,93 
0.066 -163,57 173,93 
0.075 -166,56 173,92 
0.083 -169,56 173,92 
0.091 -170,57 172,92 
0.100 -173,57 172,93 
0.108 -176,57 172,93 
0.116 -178,57 172,93 
0.125 -181,57 172,93 
0.133 -182,89 172,93 
0.141 -184,89 173,93 
0.150 -188,21 173,93 
0.158 -189,86 173,58 
0.166 -189,19 172,55 
0.175 -192,19 173,56 
0.183 -195,16 171,85 
0.191 -198,16 173,84 
0.200 -203,16 173,84 
0.208 -205,16 174,83 
0.216 -203,16 174,84 
0.225 -211,16 175,84 
0.233 -210,16 176,84 
0.241 -211,16 177,84 
0.250 -213,16 178,83 
0.258 -219,51 179,14 
0.266 -219,51 180,14 
0.275 -226,54 181,13 
0.283 -228,57 180,78 
0.291 -228,57 182,77 
0.300 -232,59 183,77 
0.308 -234,62 185,09 
0.316 -239,35 184,73 
0.325 -239,35 186,72 
0.333 -243,35 187,72 
0.342 -244,35 187,73 
0.350 -252,08 187,37 
0.358 -253,08 188,37 
0.367 -255,08 189,37 
0.375 -256,08 189,37 
0.383 -258,08 190,37 
0.392 -259,08 191,37 
0.400 -260,07 191,37 
0.408 -261,07 192,37 
0.417 -262,07 193,37 
0.425 -267,45 193,36 
0.433 -268,45 193,37 
0.442 -269,45 194,36 
0.450 -270,45 194,36 
0.458 -272,44 193,36 
0.467 -276,15 194,72 
0.475 -277,15 195,72 
0.483 -278,16 195,72 
0.492 -280,15 195,71 
0.500 -282,14 194,71 
0.508 -283,14 194,71 
0.517 -284,14 194,71 
0.525 -286,14 193,71 
0.533 -287,14 194,70 
0.542 -288,14 194,70 
0.550 -290,14 193,70 
0.558 -291,14 194,70 
0.567 -291,79 194,38 
0.575 -292,80 194,38 
0.583 -294,80 194,39 
0.592 -295,13 195,39 
0.600 -297,12 195,39 
0.608 -297,44 196,39 
0.617 -299,44 196,39 
0.625 -300,44 197,40 
0.633 -302,43 197,40 
0.642 -301,41 198,40 
0.650 -303,40 198,41 
0.658 -304,42 199,41 
0.667 -306,43 199,41 
0.675 -308,43 199,42 
0.684 -310,43 200,41 
0.692 -309,41 201,08 
0.700 -311,41 201,08 
0.709 -313,42 201,08 
0.717 -314,06 201,08 
0.725 -316,06 201,08 
0.734 -318,06 201,08 
0.742 -320,06 201,07 
0.750 -323,08 202,03 
0.759 -325,08 202,03 
0.767 -327,08 202,02 
0.775 -327,05 202,37 
0.784 -329,05 202,37 
0.792 -331,04 201,37 
0.800 -333,03 201,37 
0.809 -332,32 202,04 
0.817 -334,31 202,04 
0.825 -335,32 202,04 
