#Kinovea Trajectory data export
#T X Y

# métatarses
0.608 -84,99 -190,03 
0.617 -79,24 -191,06 
0.625 -76,86 -190,79 
0.633 -71,79 -192,82 
0.642 -67,48 -195,14 
0.650 -63,17 -204,49 
0.658 -58,02 -214,99 
0.667 -54,67 -221,39 
0.675 -51,97 -225,13 
0.684 -48,24 -226,83 
0.692 -45,21 -230,89 

# tarse
0.575 -94,45 -138,67 
0.583 -92,47 -138,68 
0.592 -90,47 -139,68 
0.600 -87,46 -140,68 
0.608 -85,15 -142,03 
0.617 -80,44 -144,70 
0.625 -78,44 -145,71 
0.633 -74,41 -148,70 
0.642 -69,03 -151,03 
0.650 -65,00 -153,13 
0.658 -62,01 -157,13 

# tarse
0.308 -125,19 -136,23 
0.316 -122,49 -140,19 
0.325 -122,63 -141,74 
0.333 -120,63 -139,74 
0.342 -120,76 -142,00 
0.350 -122,31 -140,58 
