#Kinovea Trajectory data export
#T X Y

# métatarses
0.000 -100,50 -326,70 
0.008 -101,50 -326,70 
0.016 -104,50 -329,71 
0.025 -106,49 -330,71 
0.033 -106,98 -331,48 
0.041 -107,47 -333,32 
0.050 -106,75 -334,81 
0.058 -107,75 -334,81 
0.066 -108,74 -334,80 
0.075 -108,75 -334,79 
0.083 -109,74 -334,79 
0.091 -109,74 -334,79 
0.100 -109,74 -334,78 
0.108 -109,74 -334,77 
0.116 -110,73 -334,77 
0.125 -110,73 -334,76 
0.133 -110,31 -334,76 
0.141 -110,31 -334,76 
0.150 -110,31 -334,75 
0.158 -110,32 -334,74 
0.166 -111,32 -334,73 
0.175 -111,32 -333,74 
0.183 -111,32 -333,74 
0.191 -112,31 -333,75 
0.200 -112,31 -333,74 
0.208 -112,31 -332,75 
0.216 -112,32 -332,75 
0.225 -113,32 -332,75 
0.233 -113,58 -333,51 
0.241 -114,58 -333,50 
0.250 -114,59 -333,49 
0.258 -114,60 -333,48 
0.266 -114,61 -332,48 
0.275 -115,61 -332,49 
0.283 -116,61 -332,49 
0.291 -116,62 -332,49 
0.300 -117,62 -332,48 
0.308 -117,62 -332,48 
0.316 -117,62 -332,47 
0.325 -118,61 -332,47 
0.333 -118,61 -331,48 
0.342 -118,61 -331,49 
0.350 -118,60 -331,49 
0.358 -118,61 -332,48 
0.367 -118,61 -332,47 
0.375 -118,62 -331,47 
0.383 -119,61 -331,48 
0.392 -119,87 -331,23 
0.400 -120,87 -330,22 
0.408 -120,88 -330,22 
0.417 -120,89 -330,22 
0.425 -121,14 -328,72 
0.433 -121,14 -328,72 
0.442 -122,87 -326,97 
0.450 -121,96 -325,92 
0.458 -123,71 -323,98 
0.467 -124,10 -321,96 
0.475 -124,69 -319,39 
0.483 -127,70 -314,39 
0.492 -132,32 -312,61 
0.500 -136,31 -309,61 
0.508 -142,34 -306,39 
0.517 -148,52 -303,19 
0.525 -157,12 -301,63 
0.533 -168,12 -298,62 
0.542 -177,50 -297,03 
0.550 -189,49 -295,03 
0.558 -203,50 -292,40 
0.567 -214,70 -288,78 
0.575 -226,70 -288,78 
0.583 -237,71 -288,78 
0.592 -249,72 -288,79 
0.600 -264,16 -287,17 
0.608 -277,16 -286,18 
0.617 -289,17 -287,18 
0.625 -303,17 -288,18 
0.633 -313,12 -281,99 
0.642 -325,11 -284,00 
0.650 -340,46 -288,00 
0.658 -353,45 -287,01 
0.667 -372,30 -294,02 
0.675 -385,30 -294,02 
0.684 -398,30 -295,03 
0.692 -412,30 -297,03 
0.700 -424,30 -298,03 
0.709 -437,97 -301,21 
0.717 -452,64 -301,89 
0.725 -464,65 -301,88 
0.734 -476,66 -301,87 
0.742 -486,65 -299,87 
0.750 -496,66 -299,87 
0.759 -501,48 -298,03 
0.767 -509,48 -297,02 
0.775 -517,47 -297,02 
0.784 -521,30 -296,85 
0.792 -525,30 -296,88 
0.800 -529,30 -298,86 
0.809 -532,30 -299,88 
0.817 -534,30 -301,87 
0.825 -535,29 -302,89 

# tarse
0.000 -63,07 -283,13 
0.008 -65,62 -284,35 
0.016 -67,07 -284,13 
0.025 -69,07 -286,13 
0.033 -68,08 -289,90 
0.041 -67,07 -290,90 
0.050 -66,07 -291,90 
0.058 -66,06 -290,91 
0.066 -67,06 -290,91 
0.075 -68,06 -290,91 
0.083 -68,06 -289,90 
0.091 -69,05 -288,91 
0.100 -70,05 -288,91 
0.108 -71,04 -288,91 
0.116 -72,04 -287,91 
0.125 -73,03 -286,91 
0.133 -74,02 -284,91 
0.141 -75,03 -284,90 
0.150 -76,04 -282,91 
0.158 -78,03 -281,91 
0.166 -79,02 -280,90 
0.175 -80,03 -279,90 
0.183 -82,02 -277,90 
0.191 -83,02 -276,90 
0.200 -85,02 -275,90 
0.208 -86,02 -273,91 
0.216 -88,02 -272,91 
0.225 -90,02 -271,91 
0.233 -92,03 -270,91 
0.241 -93,04 -269,91 
0.250 -96,03 -268,91 
0.258 -98,03 -266,91 
0.266 -98,04 -266,91 
0.275 -100,05 -266,91 
0.283 -102,05 -264,91 
0.291 -104,05 -264,91 
0.300 -106,05 -263,91 
0.308 -107,05 -263,91 
0.316 -109,05 -262,91 
0.325 -111,04 -262,90 
0.333 -112,04 -261,91 
0.342 -114,04 -261,91 
0.350 -116,03 -260,91 
0.358 -117,04 -260,91 
0.367 -119,04 -260,91 
0.375 -121,04 -259,92 
0.383 -123,03 -259,91 
0.392 -125,03 -258,92 
0.400 -127,48 -257,59 
0.408 -129,48 -257,58 
0.417 -132,47 -256,58 
0.425 -135,46 -255,59 
0.433 -137,46 -255,59 
0.442 -140,47 -252,92 
0.450 -143,48 -251,93 
0.458 -147,47 -250,92 
0.467 -150,47 -248,92 
0.475 -154,47 -245,92 
0.483 -159,47 -242,93 
0.492 -167,58 -241,93 
0.500 -174,58 -240,94 
0.508 -181,57 -240,94 
0.517 -188,58 -239,94 
0.525 -196,57 -238,94 
0.533 -204,57 -237,94 
0.542 -212,57 -235,95 
0.550 -221,56 -233,96 
0.558 -230,55 -231,96 
0.567 -238,56 -229,96 
0.575 -247,57 -227,96 
0.583 -257,57 -225,96 
0.592 -267,57 -223,97 
0.600 -272,79 -223,96 
0.608 -282,79 -223,96 
0.617 -292,79 -223,96 
0.625 -303,79 -223,96 
0.633 -312,79 -224,96 
0.642 -323,78 -227,91 
0.650 -334,79 -229,90 
0.658 -346,78 -231,90 
0.667 -357,78 -233,89 
0.675 -368,79 -235,89 
0.684 -379,78 -237,89 
0.692 -390,78 -238,89 
0.700 -401,78 -240,89 
0.709 -411,79 -242,89 
0.717 -423,68 -250,04 
0.725 -433,68 -250,04 
0.734 -443,68 -252,03 
0.742 -452,68 -252,04 
0.750 -461,68 -253,04 
0.759 -469,68 -253,04 
0.767 -477,67 -252,05 
0.775 -484,14 -254,90 
0.784 -490,13 -254,89 
0.792 -494,13 -254,89 
0.800 -498,14 -254,89 
0.809 -501,62 -257,26 
0.817 -503,62 -256,28 
0.825 -505,61 -257,28 

# jarret
0.000 -68,92 -140,78 
0.008 -69,92 -140,78 
0.016 -73,93 -142,77 
0.025 -77,93 -143,78 
0.033 -81,93 -145,78 
0.041 -86,93 -147,77 
0.050 -90,93 -148,77 
0.058 -95,93 -149,77 
0.066 -100,60 -154,15 
0.075 -104,93 -155,14 
0.083 -109,26 -155,15 
0.091 -109,20 -155,15 
0.100 -113,20 -155,14 
0.108 -115,84 -154,83 
0.116 -122,19 -153,83 
0.125 -126,19 -152,84 
0.133 -128,16 -152,15 
0.141 -130,81 -151,16 
0.150 -135,80 -150,16 
0.158 -139,80 -150,16 
0.166 -142,81 -149,15 
0.175 -146,81 -148,16 
0.183 -151,48 -148,84 
0.191 -155,48 -148,84 
0.200 -159,48 -148,83 
0.208 -163,48 -148,83 
0.216 -167,47 -147,83 
0.225 -170,48 -147,84 
0.233 -175,47 -147,84 
0.241 -179,47 -147,84 
0.250 -180,76 -147,84 
0.258 -185,77 -147,84 
0.266 -189,77 -147,85 
0.275 -194,77 -147,85 
0.283 -196,07 -147,50 
0.291 -200,07 -148,49 
0.300 -205,07 -148,49 
0.308 -209,08 -149,49 
0.316 -214,07 -150,48 
0.325 -216,04 -150,80 
0.333 -218,70 -151,80 
0.342 -220,99 -152,13 
0.350 -223,28 -153,13 
0.358 -222,91 -152,78 
0.367 -227,90 -153,77 
0.375 -230,90 -154,76 
0.383 -233,91 -154,77 
0.392 -237,91 -154,77 
0.400 -236,86 -155,77 
0.408 -240,86 -155,78 
0.417 -244,86 -155,78 
0.425 -247,87 -155,79 
0.433 -251,87 -155,79 
0.442 -255,86 -155,78 
0.450 -259,86 -155,78 
0.458 -263,86 -156,14 
0.467 -268,86 -156,13 
0.475 -274,85 -155,13 
0.483 -279,85 -155,12 
0.492 -285,85 -154,13 
0.500 -290,50 -154,82 
0.508 -297,51 -154,81 
0.517 -304,50 -154,81 
0.525 -311,50 -154,80 
0.533 -318,50 -153,80 
0.542 -325,50 -153,80 
0.550 -333,51 -152,81 
0.558 -341,51 -152,81 
0.567 -349,50 -151,81 
0.575 -356,50 -151,81 
0.583 -364,51 -150,81 
0.592 -373,50 -149,81 
0.600 -384,50 -147,81 
0.608 -388,10 -148,16 
0.617 -395,10 -145,81 
0.625 -402,10 -144,81 
0.633 -409,11 -143,81 
0.642 -416,11 -142,81 
0.650 -423,11 -141,81 
0.658 -430,11 -140,82 
0.667 -435,12 -139,82 
0.675 -441,12 -138,82 
0.684 -447,12 -137,82 
0.692 -452,12 -137,80 
0.700 -457,13 -136,80 
0.709 -462,13 -135,80 
0.717 -467,13 -135,80 
0.725 -471,13 -134,80 
0.734 -475,14 -134,81 
0.742 -480,14 -135,80 
0.750 -484,14 -136,79 
0.759 -488,14 -137,79 
0.767 -493,27 -137,08 
0.775 -497,27 -138,08 
0.784 -501,27 -139,09 
0.792 -505,26 -140,09 
0.800 -507,70 -138,25 
0.809 -511,70 -139,26 
0.817 -514,70 -141,25 
0.825 -516,70 -142,25 

# hanche
0.000 5,84 -33,52 
0.008 5,84 -34,22 
0.016 0,84 -35,23 
0.025 -5,17 -36,24 
0.033 -11,16 -37,28 
0.041 -18,15 -39,26 
0.050 -23,16 -40,23 
0.058 -29,15 -40,27 
0.066 -35,14 -41,28 
0.075 -40,15 -41,28 
0.083 -46,14 -41,25 
0.091 -50,14 -40,25 
0.100 -55,14 -39,25 
0.108 -60,13 -38,24 
0.116 -64,13 -36,26 
0.125 -71,96 -35,24 
0.133 -76,96 -33,27 
0.141 -81,96 -32,24 
0.150 -86,96 -30,23 
0.158 -91,96 -28,26 
0.166 -97,96 -27,26 
0.175 -102,96 -25,29 
0.183 -107,96 -24,31 
0.191 -113,97 -23,32 
0.200 -119,96 -22,32 
0.208 -124,96 -21,33 
0.216 -129,97 -20,33 
0.225 -135,98 -20,30 
0.233 -141,97 -19,30 
0.241 -147,96 -19,29 
0.250 -152,96 -19,27 
0.258 -157,97 -19,25 
0.266 -163,95 -19,25 
0.275 -167,96 -19,27 
0.283 -173,96 -20,27 
0.291 -178,96 -21,24 
0.300 -183,97 -22,20 
0.308 -188,98 -23,16 
0.316 -193,97 -24,13 
0.325 -193,29 -23,71 
0.333 -195,16 -24,73 
0.342 -199,17 -25,75 
0.350 -204,17 -27,74 
0.358 -208,18 -28,76 
0.367 -212,05 -30,77 
0.375 -216,05 -31,79 
0.383 -223,90 -33,79 
0.392 -230,03 -34,81 
0.400 -235,03 -35,84 
0.408 -240,03 -37,82 
0.417 -245,02 -38,82 
0.425 -250,02 -39,83 
0.433 -255,02 -40,84 
0.442 -260,02 -41,84 
0.450 -266,01 -42,81 
0.458 -270,02 -42,79 
0.467 -276,01 -42,78 
0.475 -281,02 -42,75 
0.483 -286,01 -41,77 
0.492 -292,01 -41,76 
0.500 -297,00 -40,79 
0.508 -303,00 -40,78 
0.517 -308,00 -39,80 
0.525 -313,00 -39,78 
0.533 -317,01 -38,78 
0.542 -322,01 -37,78 
0.550 -327,01 -36,77 
0.558 -332,01 -35,75 
0.567 -337,01 -33,78 
0.575 -342,01 -32,80 
0.583 -348,01 -31,81 
0.592 -353,01 -30,83 
0.600 -359,01 -30,81 
0.608 -364,01 -29,80 
0.617 -368,72 -27,23 
0.625 -374,71 -27,22 
0.633 -379,71 -27,20 
0.642 -384,71 -27,18 
0.650 -389,71 -27,16 
0.658 -394,71 -27,17 
0.667 -398,71 -27,16 
0.675 -403,71 -27,19 
0.684 -408,71 -28,16 
0.692 -407,04 -28,16 
0.700 -411,04 -28,18 
0.709 -412,21 -28,46 
0.717 -423,30 -30,84 
0.725 -429,86 -30,87 
0.734 -433,85 -31,85 
0.742 -436,85 -31,87 
0.750 -439,85 -32,88 
0.759 -443,85 -33,89 
0.767 -448,26 -35,60 
0.775 -451,25 -36,62 
0.784 -454,26 -37,64 
0.792 -458,25 -39,62 
0.800 -461,26 -40,62 
0.809 -465,25 -42,59 
0.817 -469,25 -43,60 
0.825 -472,25 -44,63 

# début queue
0.000 55,08 -8,35 
0.008 55,08 -8,35 
0.016 49,09 -9,35 
0.025 43,10 -10,35 
0.033 37,11 -11,36 
0.041 32,10 -13,36 
0.050 26,10 -14,35 
0.058 20,10 -15,34 
0.066 14,10 -15,33 
0.075 8,10 -14,34 
0.083 3,09 -14,34 
0.091 -1,91 -14,35 
0.100 -6,91 -14,34 
0.108 -11,90 -13,34 
0.116 -16,89 -12,34 
0.125 -21,88 -11,34 
0.133 -25,88 -11,33 
0.141 -31,86 -9,32 
0.150 -36,86 -8,32 
0.158 -41,86 -7,32 
0.166 -46,87 -6,32 
0.175 -53,86 -4,32 
0.183 -58,86 -3,32 
0.191 -64,86 -2,32 
0.200 -69,86 -1,32 
0.208 -79,41 1,09 
0.216 -84,42 1,09 
0.225 -90,42 2,09 
0.233 -95,43 2,09 
0.241 -101,42 2,09 
0.250 -112,09 2,09 
0.258 -117,10 2,09 
0.266 -123,80 1,39 
0.275 -128,80 0,39 
0.283 -133,80 0,39 
0.291 -138,80 0,39 
0.300 -143,80 -0,62 
0.308 -147,80 -2,61 
0.316 -152,81 -2,62 
0.325 -157,81 -3,62 
0.333 -161,81 -5,62 
0.342 -166,80 -6,61 
0.350 -165,41 -7,61 
0.358 -170,41 -8,61 
0.367 -174,41 -10,61 
0.375 -179,42 -11,62 
0.383 -184,42 -12,62 
0.392 -189,43 -13,62 
0.400 -195,14 -13,21 
0.408 -200,15 -14,21 
0.417 -205,14 -16,21 
0.425 -210,14 -17,21 
0.433 -215,14 -18,21 
0.442 -220,13 -19,21 
0.450 -225,14 -19,21 
0.458 -230,14 -20,21 
0.467 -235,14 -20,21 
0.475 -240,14 -20,21 
0.483 -245,13 -20,21 
0.492 -251,13 -18,21 
0.500 -256,12 -18,21 
0.508 -261,13 -17,21 
0.517 -266,13 -16,21 
0.525 -267,58 -16,63 
0.533 -271,16 -16,34 
0.542 -281,12 -13,21 
0.550 -286,13 -11,21 
0.558 -291,13 -10,22 
0.567 -296,13 -10,21 
0.575 -302,13 -7,22 
0.583 -307,13 -7,22 
0.592 -313,13 -5,21 
0.600 -314,58 -5,64 
0.608 -316,75 -6,06 
0.617 -321,05 -5,07 
0.625 -326,05 -4,07 
0.633 -331,76 -4,07 
0.642 -335,77 -4,79 
0.650 -342,48 -3,50 
0.658 -345,90 -4,08 
0.667 -352,89 -1,79 
0.675 -356,89 -1,78 
0.684 -360,89 -2,78 
0.692 -365,87 -1,76 
0.700 -368,88 -1,77 
0.709 -374,59 -2,47 
0.717 -378,59 -2,47 
0.725 -382,59 -2,47 
0.734 -386,59 -2,47 
0.742 -390,60 -2,47 
0.750 -393,59 -5,47 
0.759 -396,59 -7,18 
0.767 -399,58 -9,17 
0.775 -402,58 -10,17 
0.784 -406,59 -10,18 
0.792 -409,58 -13,17 
0.800 -412,58 -15,17 
0.809 -416,58 -15,17 
0.817 -420,58 -16,17 
0.825 -424,57 -17,16 

# pointe dos
0.000 -102,16 39,07 
0.008 -102,16 39,07 
0.016 -107,16 39,07 
0.025 -113,16 39,07 
0.033 -120,30 39,06 
0.041 -126,30 39,05 
0.050 -132,29 38,05 
0.058 -137,29 38,05 
0.066 -143,29 36,06 
0.075 -149,29 36,05 
0.083 -156,00 34,06 
0.091 -161,99 34,05 
0.100 -166,99 33,06 
0.108 -172,00 32,05 
0.116 -176,00 31,05 
0.125 -180,00 30,06 
0.133 -185,00 29,06 
0.141 -188,13 27,22 
0.150 -191,13 27,22 
0.158 -194,14 26,22 
0.166 -197,14 25,23 
0.175 -200,14 25,23 
0.183 -207,11 26,37 
0.191 -210,11 26,37 
0.200 -213,11 26,37 
0.208 -222,92 26,94 
0.216 -226,92 26,94 
0.225 -236,30 28,51 
0.233 -249,11 28,51 
0.241 -257,38 27,95 
0.250 -266,22 27,95 
0.258 -275,35 27,39 
0.266 -279,35 27,39 
0.275 -283,35 27,40 
0.283 -287,30 26,40 
0.291 -292,27 26,40 
0.300 -294,27 27,40 
0.308 -298,24 28,40 
0.316 -304,24 28,41 
0.325 -306,24 29,40 
0.333 -310,24 29,40 
0.342 -314,24 30,40 
0.350 -318,24 30,40 
0.358 -322,24 30,40 
0.367 -323,24 31,40 
0.375 -330,24 31,39 
0.383 -328,21 31,39 
0.392 -332,21 31,40 
0.400 -336,21 31,41 
0.408 -334,18 31,42 
0.417 -337,18 31,41 
0.425 -342,18 31,41 
0.433 -345,18 30,41 
0.442 -350,18 29,42 
0.450 -360,27 32,46 
0.458 -362,27 32,45 
0.467 -368,26 31,45 
0.475 -372,26 30,45 
0.483 -376,26 29,45 
0.492 -379,26 28,45 
0.500 -384,26 27,45 
0.508 -388,26 27,45 
0.517 -392,26 26,45 
0.525 -394,26 25,45 
0.533 -400,26 25,45 
0.542 -399,25 24,45 
0.550 -403,25 23,45 
0.558 -407,25 23,45 
0.567 -408,25 23,45 
0.575 -415,25 22,46 
0.583 -418,25 22,46 
0.592 -424,25 22,46 
0.600 -427,25 22,46 
0.608 -432,25 22,45 
0.617 -434,25 22,46 
0.625 -440,24 22,46 
0.633 -439,23 22,46 
0.642 -446,21 22,45 
0.650 -448,21 22,46 
0.658 -454,21 22,46 
0.667 -458,19 21,20 
0.675 -463,75 21,20 
0.684 -470,00 21,20 
0.692 -472,27 20,64 
0.700 -474,55 20,07 
0.709 -480,25 19,50 
0.717 -481,95 19,51 
0.725 -489,95 19,49 
0.734 -489,95 19,50 
0.742 -497,95 19,49 
0.750 -499,08 18,35 
0.759 -502,49 18,34 
0.767 -507,33 18,34 
0.775 -515,61 17,76 
0.784 -525,31 16,61 
0.792 -536,14 12,62 
0.800 -544,98 12,04 
0.809 -550,98 11,04 
0.817 -563,98 7,05 
0.825 -568,98 6,05 
