#Kinovea Trajectory data export
#T X Y

# métatarses
0.000 58,98 -305,12 
0.008 58,98 -304,12 
0.016 54,98 -307,13 
0.025 52,98 -308,12 
0.033 51,98 -308,13 
0.041 52,48 -307,45 
0.050 53,98 -309,12 
0.058 53,98 -309,11 
0.066 52,98 -308,13 
0.075 52,98 -308,13 
0.083 51,99 -308,14 
0.091 51,99 -308,15 
0.100 51,99 -308,15 
0.108 52,00 -308,15 
0.116 52,00 -308,16 
0.125 49,49 -308,16 
0.133 49,49 -307,16 
0.141 49,48 -307,15 
0.150 49,47 -307,14 
0.158 49,45 -307,12 
0.166 49,44 -306,13 
0.175 48,44 -306,13 
0.183 48,44 -306,14 
0.191 47,44 -306,14 
0.200 47,44 -306,14 
0.208 46,44 -306,13 
0.216 47,11 -306,13 
0.225 47,11 -305,12 
0.233 46,11 -305,12 
0.241 46,11 -305,11 
0.250 45,11 -305,10 
0.258 45,11 -304,10 
0.266 45,11 -304,10 
0.275 44,11 -304,10 
0.283 45,10 -303,10 
0.291 43,11 -304,10 
0.300 43,11 -303,11 
0.308 43,95 -303,12 
0.316 43,94 -302,11 
0.325 43,93 -302,11 
0.333 42,94 -303,78 
0.342 42,93 -303,78 
0.350 42,92 -303,77 
0.358 42,91 -303,77 
0.367 41,91 -303,77 
0.375 41,91 -303,77 
0.383 40,92 -303,78 
0.392 40,92 -303,78 
0.400 40,92 -303,77 
0.408 39,92 -303,77 
0.417 39,92 -302,78 
0.425 38,93 -302,78 
0.433 38,93 -302,78 
0.442 38,91 -302,78 
0.450 37,90 -302,77 
0.458 35,91 -301,77 
0.467 34,91 -300,78 
0.475 31,24 -292,94 
0.483 28,41 -288,60 
0.492 26,40 -288,59 
0.500 22,57 -284,42 
0.508 19,41 -283,42 
0.517 10,07 -278,08 
0.525 2,06 -277,08 
0.533 -9,25 -278,61 
0.542 -22,24 -276,61 
0.550 -36,25 -274,61 
0.558 -51,24 -273,62 
0.567 -71,93 -261,93 
0.575 -85,94 -261,94 
0.583 -94,26 -268,62 
0.592 -111,08 -261,11 
0.600 -127,09 -261,12 
0.608 -143,09 -262,12 
0.617 -159,08 -271,49 
0.625 -179,59 -273,00 
0.633 -198,59 -274,00 
0.642 -220,26 -274,99 
0.650 -240,26 -275,99 
0.658 -260,27 -277,99 
0.667 -279,76 -278,98 
0.675 -300,76 -279,99 
0.684 -322,76 -280,98 
0.692 -343,76 -280,99 
0.700 -362,76 -280,99 
0.709 -384,76 -281,99 
0.717 -403,77 -280,99 
0.725 -423,31 -282,34 
0.734 -442,31 -281,33 
0.742 -462,65 -281,00 
0.750 -478,65 -279,00 
0.759 -494,66 -278,00 
0.767 -509,66 -277,00 
0.775 -523,49 -276,84 
0.784 -534,49 -276,83 
0.792 -543,49 -276,83 
0.800 -551,49 -277,84 
0.809 -556,49 -279,84 
0.817 -562,49 -282,83 
0.825 -565,49 -284,84 

# tarse
0.000 120,23 -256,41 
0.008 119,23 -256,41 
0.016 114,22 -258,40 
0.025 111,21 -260,41 
0.033 111,21 -262,41 
0.041 112,20 -263,42 
0.050 112,21 -264,42 
0.058 111,21 -264,41 
0.066 109,21 -263,42 
0.075 108,21 -262,43 
0.083 107,20 -262,42 
0.091 106,20 -261,42 
0.100 105,22 -260,43 
0.108 105,20 -260,42 
0.116 104,19 -259,41 
0.125 103,18 -258,41 
0.133 102,17 -256,42 
0.141 100,18 -255,43 
0.150 98,36 -253,59 
0.158 96,34 -252,59 
0.166 94,35 -251,59 
0.175 93,35 -249,59 
0.183 91,33 -248,59 
0.191 89,33 -247,58 
0.200 89,86 -245,59 
0.208 87,87 -244,59 
0.216 86,71 -243,58 
0.225 84,70 -241,59 
0.233 82,71 -240,59 
0.241 80,72 -238,60 
0.250 78,72 -237,61 
0.258 76,72 -236,62 
0.266 74,73 -235,63 
0.275 72,74 -234,64 
0.283 71,72 -234,63 
0.291 68,75 -233,63 
0.300 67,74 -232,64 
0.308 65,74 -232,63 
0.316 63,75 -231,65 
0.325 61,77 -231,65 
0.333 60,75 -230,66 
0.342 58,73 -230,66 
0.350 56,74 -230,65 
0.358 54,73 -229,66 
0.367 52,73 -229,66 
0.375 50,72 -229,65 
0.383 47,74 -228,65 
0.392 45,75 -228,64 
0.400 42,77 -227,63 
0.408 40,77 -227,62 
0.417 37,77 -226,63 
0.425 34,77 -226,61 
0.433 31,75 -225,61 
0.442 27,75 -224,63 
0.450 24,74 -224,62 
0.458 20,74 -222,63 
0.467 16,75 -220,63 
0.475 12,75 -217,64 
0.483 7,75 -214,65 
0.492 0,76 -212,66 
0.500 -7,24 -211,66 
0.508 -15,26 -211,65 
0.517 -25,24 -210,64 
0.525 -34,23 -209,64 
0.533 -43,23 -207,66 
0.542 -53,22 -206,64 
0.550 -63,20 -204,62 
0.558 -73,20 -201,62 
0.567 -84,19 -198,63 
0.575 -95,18 -196,63 
0.583 -106,18 -194,62 
0.592 -119,18 -192,60 
0.600 -131,19 -191,59 
0.608 -145,18 -190,59 
0.617 -158,18 -190,59 
0.625 -172,18 -191,56 
0.633 -186,18 -192,55 
0.642 -201,18 -193,56 
0.650 -217,17 -195,55 
0.658 -232,18 -198,54 
0.667 -248,18 -200,54 
0.675 -264,19 -203,54 
0.684 -281,20 -206,53 
0.692 -298,20 -209,52 
0.700 -315,20 -211,53 
0.709 -331,22 -213,53 
0.717 -348,22 -216,52 
0.725 -365,21 -218,52 
0.734 -381,20 -219,52 
0.742 -397,20 -221,51 
0.750 -412,19 -222,50 
0.759 -427,18 -222,51 
0.767 -439,18 -222,52 
0.775 -451,18 -223,51 
0.784 -461,19 -223,51 
0.792 -471,18 -223,53 
0.800 -479,18 -224,53 
0.809 -485,18 -225,52 
0.817 -491,18 -226,52 
0.825 -495,18 -228,52 

# genou
0.000 138,30 -106,32 
0.008 138,97 -105,99 
0.016 132,98 -107,01 
0.025 128,66 -108,69 
0.033 123,65 -110,68 
0.041 117,66 -112,67 
0.050 112,66 -113,68 
0.058 107,66 -114,69 
0.066 103,66 -116,68 
0.075 98,66 -116,69 
0.083 93,66 -117,68 
0.091 89,66 -117,68 
0.100 85,67 -117,67 
0.108 81,67 -116,68 
0.116 77,67 -116,67 
0.125 73,67 -115,67 
0.133 69,66 -114,68 
0.141 65,65 -113,69 
0.150 60,66 -112,70 
0.158 57,66 -112,69 
0.166 53,65 -111,69 
0.175 49,65 -110,70 
0.183 44,66 -110,70 
0.191 41,65 -110,69 
0.200 36,66 -109,70 
0.208 32,65 -109,70 
0.216 27,66 -109,69 
0.225 25,01 -109,68 
0.233 20,01 -109,68 
0.241 16,37 -109,00 
0.250 11,37 -108,99 
0.258 6,37 -108,99 
0.266 4,74 -108,98 
0.275 -0,26 -108,98 
0.283 -5,26 -108,99 
0.291 -11,26 -109,99 
0.300 -16,26 -109,99 
0.308 -21,26 -110,99 
0.316 -27,26 -110,99 
0.325 -32,26 -112,00 
0.333 -37,26 -113,00 
0.342 -39,55 -114,35 
0.350 -43,56 -114,35 
0.358 -48,55 -115,35 
0.367 -49,85 -117,69 
0.375 -52,50 -121,09 
0.383 -56,51 -120,11 
0.392 -61,50 -121,10 
0.400 -65,50 -121,10 
0.408 -69,51 -121,11 
0.417 -74,51 -121,12 
0.425 -73,43 -119,78 
0.433 -78,42 -119,77 
0.442 -84,09 -119,76 
0.450 -89,09 -119,75 
0.458 -95,08 -118,75 
0.467 -100,09 -118,74 
0.475 -107,08 -117,73 
0.483 -115,44 -117,42 
0.492 -123,43 -115,43 
0.500 -131,43 -115,42 
0.508 -139,43 -114,42 
0.517 -148,42 -113,43 
0.525 -157,42 -112,44 
0.533 -167,42 -111,45 
0.542 -177,42 -110,47 
0.550 -187,12 -111,50 
0.558 -198,12 -110,50 
0.567 -209,11 -109,49 
0.575 -220,11 -107,49 
0.583 -231,11 -106,48 
0.592 -246,84 -104,47 
0.600 -257,84 -101,48 
0.608 -267,84 -99,48 
0.617 -279,52 -97,48 
0.625 -290,52 -94,48 
0.633 -301,51 -92,47 
0.642 -314,21 -90,46 
0.650 -327,24 -87,46 
0.658 -338,59 -87,83 
0.667 -348,59 -85,83 
0.675 -358,59 -83,83 
0.684 -367,59 -81,83 
0.692 -376,59 -79,84 
0.700 -387,62 -76,49 
0.709 -395,62 -74,48 
0.717 -403,62 -72,49 
0.725 -411,62 -71,49 
0.734 -416,59 -70,49 
0.742 -423,59 -69,48 
0.750 -431,94 -70,82 
0.759 -438,94 -70,83 
0.767 -444,95 -71,84 
0.775 -451,95 -72,83 
0.784 -458,95 -72,84 
0.792 -464,95 -73,85 
0.800 -471,95 -74,85 
0.809 -476,95 -76,85 
0.817 -484,30 -75,15 
0.825 -489,31 -76,14 

# hanche
0.000 228,15 -6,52 
0.008 228,15 -6,52 
0.016 222,14 -6,54 
0.025 215,15 -7,53 
0.033 209,14 -7,55 
0.041 202,15 -8,55 
0.050 198,84 -8,87 
0.058 193,50 -9,85 
0.066 187,50 -9,86 
0.075 181,50 -9,85 
0.083 175,50 -8,85 
0.091 170,50 -7,85 
0.100 165,49 -5,87 
0.108 160,48 -4,87 
0.116 154,12 -2,19 
0.125 149,12 -0,19 
0.133 144,10 1,81 
0.141 138,11 3,82 
0.150 132,12 5,83 
0.158 127,12 7,85 
0.166 121,12 9,86 
0.175 114,45 11,86 
0.183 108,45 13,85 
0.191 102,45 14,85 
0.200 96,45 16,85 
0.208 90,45 17,85 
0.216 84,45 18,86 
0.225 77,46 20,84 
0.233 71,46 20,85 
0.241 65,45 21,85 
0.250 58,46 22,84 
0.258 52,47 22,85 
0.266 46,46 23,84 
0.275 39,47 23,82 
0.283 33,47 23,81 
0.291 27,46 22,81 
0.300 21,45 22,82 
0.308 14,47 22,81 
0.316 8,48 21,81 
0.325 2,49 20,82 
0.333 -3,50 20,81 
0.342 -9,50 19,79 
0.350 -15,49 18,78 
0.358 -21,48 17,77 
0.367 -27,47 16,75 
0.375 -33,47 15,74 
0.383 -39,48 14,73 
0.392 -47,15 16,42 
0.400 -53,16 15,43 
0.408 -60,16 14,44 
0.417 -67,15 14,42 
0.425 -73,16 13,42 
0.433 -80,17 13,40 
0.442 -87,16 12,40 
0.450 -94,15 12,41 
0.458 -97,46 13,10 
0.467 -104,45 14,08 
0.475 -110,46 14,09 
0.483 -117,46 15,11 
0.492 -124,46 16,11 
0.500 -131,47 17,11 
0.508 -138,47 18,11 
0.517 -145,47 19,11 
0.525 -152,46 20,11 
0.533 -159,46 21,13 
0.542 -166,45 23,13 
0.550 -172,45 25,12 
0.558 -179,45 27,11 
0.567 -186,45 29,11 
0.575 -193,46 31,09 
0.583 -201,45 33,08 
0.592 -208,45 34,08 
0.600 -216,44 36,06 
0.608 -224,42 37,08 
0.617 -231,42 38,11 
0.625 -238,43 39,13 
0.633 -246,42 40,14 
0.642 -253,43 41,11 
0.650 -261,42 41,12 
0.658 -268,41 42,09 
0.667 -275,40 42,08 
0.675 -282,40 42,10 
0.684 -289,39 42,14 
0.692 -295,39 43,12 
0.700 -302,39 43,09 
0.709 -308,39 43,07 
0.717 -314,39 43,05 
0.725 -320,39 43,02 
0.734 -326,38 42,05 
0.742 -331,38 42,06 
0.750 -336,39 42,02 
0.759 -342,39 41,01 
0.767 -348,38 40,02 
0.775 -353,37 39,03 
0.784 -358,38 38,04 
0.792 -364,38 37,03 
0.800 -370,38 36,01 
0.809 -376,38 34,03 
0.817 -382,39 33,03 
0.825 -389,39 32,01 

# début queue
0.000 259,13 22,54 
0.008 259,13 23,53 
0.016 253,13 22,54 
0.025 246,13 22,54 
0.033 240,12 21,54 
0.041 233,12 20,55 
0.050 227,12 20,54 
0.058 220,12 19,55 
0.066 214,12 19,57 
0.075 208,12 20,56 
0.083 202,13 21,56 
0.091 195,46 22,55 
0.100 189,46 24,56 
0.108 184,46 26,55 
0.116 177,47 27,55 
0.125 171,47 29,56 
0.133 165,79 30,21 
0.141 160,78 32,20 
0.150 153,79 34,20 
0.158 146,43 36,88 
0.166 140,43 39,88 
0.175 133,44 41,88 
0.183 127,44 43,87 
0.191 120,44 44,87 
0.200 114,44 46,87 
0.208 110,46 43,82 
0.216 103,47 46,82 
0.225 97,47 47,82 
0.233 91,47 48,82 
0.241 84,47 49,82 
0.250 78,47 50,82 
0.258 72,47 50,82 
0.266 66,47 51,81 
0.275 60,47 51,81 
0.283 55,15 49,78 
0.291 49,15 50,78 
0.300 43,15 50,78 
0.308 38,15 49,78 
0.316 30,79 49,77 
0.325 24,80 49,78 
0.333 19,79 48,11 
0.342 13,80 47,11 
0.350 7,80 46,11 
0.358 2,79 45,11 
0.367 -3,21 44,10 
0.375 -9,22 43,10 
0.383 -16,21 42,09 
0.392 -22,21 41,08 
0.400 -28,89 40,07 
0.408 -35,89 39,06 
0.417 -42,89 38,06 
0.425 -47,54 37,75 
0.433 -54,53 37,76 
0.442 -60,54 37,76 
0.450 -67,53 37,76 
0.458 -75,56 40,47 
0.467 -81,57 40,48 
0.475 -88,56 41,49 
0.483 -94,56 42,49 
0.492 -100,56 43,50 
0.500 -107,56 44,51 
0.508 -112,21 46,50 
0.517 -118,21 48,51 
0.525 -125,21 50,50 
0.533 -131,21 52,49 
0.542 -137,21 53,50 
0.550 -144,21 55,51 
0.558 -151,20 57,52 
0.567 -157,20 59,52 
0.575 -164,21 61,53 
0.583 -171,21 63,53 
0.592 -178,21 65,53 
0.600 -185,21 66,54 
0.608 -192,21 68,54 
0.617 -199,21 69,54 
0.625 -201,83 69,19 
0.633 -208,82 70,19 
0.642 -212,80 69,52 
0.650 -219,79 71,51 
0.658 -225,80 71,51 
0.667 -232,80 72,51 
0.675 -238,80 72,50 
0.684 -244,80 72,50 
0.692 -250,81 72,50 
0.700 -256,81 72,50 
0.709 -262,82 72,50 
0.717 -268,82 72,50 
0.725 -274,81 72,50 
0.734 -277,79 72,18 
0.742 -282,79 71,18 
0.750 -288,79 71,18 
0.759 -293,79 70,18 
0.767 -297,76 67,15 
0.775 -301,42 64,80 
0.784 -308,76 60,75 
0.792 -314,76 60,07 
0.800 -320,76 59,07 
0.809 -326,76 58,06 
0.817 -332,76 57,06 
0.825 -338,76 55,06 

# pointe dos
0.008 95,56 88,50 
0.016 83,47 90,08 
0.025 71,96 89,03 
0.033 66,28 89,03 
0.041 61,60 89,03 
0.050 60,02 89,03 
0.058 59,02 89,02 
0.066 52,71 90,12 
0.075 48,51 89,60 
0.083 43,78 89,60 
0.091 37,99 89,07 
0.100 22,75 88,60 
0.108 9,08 89,64 
0.116 -2,43 88,06 
0.125 -10,32 88,58 
0.133 -15,57 89,11 
0.141 -18,15 89,11 
0.150 -20,78 89,11 
0.158 -23,36 89,11 
0.166 -29,14 89,11 
0.175 -29,14 89,11 
0.183 -53,95 88,63 
0.191 -63,36 88,12 
0.200 -70,19 88,65 
0.208 -77,55 90,17 
0.216 -83,29 91,17 
0.225 -93,96 92,17 
0.233 -94,97 93,17 
0.241 -110,76 93,17 
0.250 -111,18 94,17 
0.258 -119,18 95,17 
0.266 -120,18 96,17 
0.275 -131,50 97,69 
0.283 -133,50 98,69 
0.291 -140,83 100,21 
0.300 -149,30 101,21 
0.308 -152,45 101,17 
0.316 -156,66 103,75 
0.325 -163,71 104,75 
0.333 -170,92 106,28 
0.342 -180,44 107,28 
0.350 -183,44 108,28 
0.358 -188,24 109,28 
0.367 -188,24 110,28 
0.375 -199,19 110,23 
0.383 -207,19 111,23 
0.392 -209,19 112,22 
0.400 -218,19 113,22 
0.408 -223,19 113,22 
0.417 -239,19 114,22 
0.425 -239,19 115,21 
0.433 -242,19 115,21 
0.442 -248,30 115,22 
0.450 -252,64 116,99 
0.458 -253,64 116,99 
0.467 -265,64 116,98 
0.475 -270,64 115,99 
0.483 -270,64 114,99 
0.492 -281,69 113,80 
0.500 -286,24 113,80 
0.508 -297,48 115,17 
0.517 -303,98 114,17 
0.525 -309,72 113,58 
0.533 -318,40 111,80 
0.542 -321,95 112,39 
0.550 -328,73 112,39 
0.558 -329,73 112,39 
0.567 -340,37 111,21 
0.575 -346,88 113,58 
0.583 -352,65 113,58 
0.592 -358,65 113,58 
0.600 -363,02 112,81 
0.608 -370,70 113,99 
0.617 -372,97 114,00 
0.625 -380,57 113,41 
0.633 -390,70 113,42 
0.642 -400,89 113,42 
0.650 -411,07 113,42 
0.658 -423,43 115,20 
0.667 -433,43 115,20 
0.675 -433,83 115,79 
0.684 -434,83 116,79 
0.692 -440,88 116,79 
0.700 -446,15 116,20 
0.709 -449,05 116,19 
0.717 -454,73 115,59 
0.725 -469,28 116,96 
0.734 -470,82 117,15 
0.742 -478,68 118,52 
0.750 -483,00 118,71 
0.759 -490,67 117,71 
0.767 -494,02 117,71 
0.775 -502,11 117,70 
0.784 -510,38 117,70 
0.792 -518,46 120,06 
0.800 -527,14 120,06 
0.809 -532,68 120,05 
0.817 -532,12 120,64 
0.825 -541,80 120,83 
