#Kinovea Trajectory data export
#T X Y

# métatarses
0.000 149,74 -3,02 
0.008 145,73 -6,02 
0.016 141,72 -12,01 
0.025 137,71 -17,01 
0.033 133,72 -21,02 
0.041 133,68 -19,80 
0.050 132,66 -21,55 
0.058 131,14 -25,06 
0.066 127,86 -28,07 
0.075 130,31 -27,59 
0.083 130,75 -28,85 
0.091 130,75 -26,61 
0.100 130,75 -25,11 
0.108 128,51 -24,36 
0.116 128,51 -24,36 
0.125 129,24 -23,61 
0.133 128,98 -22,11 
0.141 128,98 -22,11 
0.150 128,96 -22,11 
0.158 127,98 -22,11 
0.166 129,47 -22,11 
0.175 130,69 -21,36 
0.183 130,67 -21,35 
0.191 129,68 -21,35 
0.200 128,17 -19,11 
0.208 126,19 -19,10 
0.216 126,18 -17,11 
0.225 126,67 -16,61 
0.233 125,66 -14,12 
0.241 119,94 -8,64 
0.250 116,93 -5,40 
0.258 112,17 -1,66 
0.266 104,42 0,09 
0.275 99,92 3,33 
0.283 90,93 3,33 
0.291 81,17 -1,15 
0.300 73,66 -12,37 
0.308 59,42 -20,11 
0.316 45,43 -26,11 
0.325 31,44 -33,11 
0.333 17,45 -40,11 
0.342 2,45 -47,11 
0.350 -13,56 -55,11 
0.358 -28,05 -62,65 
0.367 -46,05 -70,65 
0.375 -69,03 -76,91 
0.383 -92,51 -84,92 
0.392 -112,76 -92,68 
0.400 -130,53 -102,93 
0.408 -151,28 -116,42 
0.417 -178,28 -128,42 
0.425 -201,28 -139,89 
0.433 -227,28 -151,89 
0.442 -255,27 -163,88 
0.450 -282,27 -176,88 
0.458 -308,27 -187,88 
0.467 -331,27 -197,88 
0.475 -346,27 -199,88 
0.483 -364,48 -207,54 
0.492 -385,92 -219,71 
0.500 -407,36 -228,67 
0.508 -420,59 -234,65 
0.517 -435,56 -243,12 
0.525 -448,29 -249,61 
0.533 -456,29 -257,61 
0.542 -462,28 -265,61 
0.550 -469,29 -271,61 

# tarse
0.050 168,21 30,52 
0.058 168,16 29,72 
0.066 165,16 30,71 
0.075 162,41 32,21 
0.083 161,15 32,21 
0.091 162,88 33,70 
0.100 159,62 32,94 
0.108 158,62 33,93 
0.116 158,86 32,45 
0.125 157,85 32,43 
0.133 153,62 35,41 
0.141 151,62 35,42 
0.150 150,36 36,92 
0.158 149,59 38,91 
0.166 147,57 40,91 
0.175 144,57 41,91 
0.183 141,59 42,92 
0.191 139,57 44,92 
0.200 136,56 45,93 
0.208 138,54 44,20 
0.216 135,53 46,19 
0.225 131,52 48,18 
0.233 126,53 49,18 
0.241 121,54 50,19 
0.250 118,53 49,69 
0.258 112,53 50,70 
0.266 102,04 53,44 
0.275 94,03 53,44 
0.283 86,03 54,44 
0.291 77,04 53,44 
0.300 70,27 52,19 
0.308 58,27 52,18 
0.316 47,02 50,42 
0.325 34,02 45,42 
0.333 22,03 40,43 
0.342 10,03 35,42 
0.350 -2,97 29,42 
0.358 -15,98 23,42 
0.367 -29,98 16,42 
0.375 -45,72 1,95 
0.383 -62,71 -5,05 
0.392 -77,72 -12,05 
0.400 -94,71 -20,05 
0.408 -111,71 -29,05 
0.417 -131,72 -37,05 
0.425 -153,96 -55,50 
0.433 -174,46 -65,49 
0.442 -194,47 -77,73 
0.450 -213,96 -88,99 
0.458 -239,70 -101,99 
0.467 -263,70 -113,98 
0.475 -285,70 -123,98 
0.483 -306,70 -133,97 
0.492 -326,71 -142,96 
0.500 -344,69 -149,97 
0.508 -359,69 -157,96 
0.517 -371,71 -162,97 
0.525 -383,70 -170,96 
0.533 -393,71 -176,97 
0.542 -401,71 -183,96 
0.550 -406,73 -187,96 

# jarret
0.000 222,34 163,89 
0.008 215,34 162,88 
0.016 209,34 159,89 
0.025 204,34 156,90 
0.033 199,33 153,89 
0.041 194,83 146,66 
0.050 189,82 143,65 
0.058 183,82 137,16 
0.066 178,82 133,16 
0.075 173,82 129,15 
0.083 166,58 123,40 
0.091 162,58 119,40 
0.100 158,33 114,15 
0.108 152,34 111,16 
0.116 148,34 109,16 
0.125 144,34 107,15 
0.133 140,33 105,16 
0.141 135,34 104,15 
0.150 132,34 102,16 
0.158 127,34 102,16 
0.166 123,34 102,16 
0.175 118,34 103,16 
0.183 114,34 104,17 
0.191 111,83 106,91 
0.200 106,83 109,91 
0.208 101,83 111,91 
0.216 98,82 115,40 
0.225 92,82 116,39 
0.233 86,81 117,39 
0.241 79,81 117,39 
0.250 71,81 116,39 
0.258 62,81 114,39 
0.266 53,80 111,40 
0.275 43,81 108,39 
0.283 34,80 104,39 
0.291 24,80 99,38 
0.300 13,80 93,39 
0.308 2,80 87,38 
0.316 -8,20 80,39 
0.325 -19,20 74,39 
0.333 -31,20 67,39 
0.342 -46,89 58,42 
0.350 -56,19 53,65 
0.358 -70,19 48,64 
0.367 -84,19 42,65 
0.375 -101,92 38,65 
0.383 -116,91 33,80 
0.392 -131,05 30,39 
0.400 -145,05 28,39 
0.408 -159,05 27,39 
0.417 -173,05 26,39 
0.425 -189,60 23,96 
0.433 -203,60 23,97 
0.442 -216,60 22,97 
0.450 -229,60 21,97 
0.458 -241,61 20,96 
0.467 -254,60 18,96 
0.475 -271,57 16,96 
0.483 -285,57 14,97 
0.492 -297,86 11,98 
0.500 -309,73 9,26 
0.508 -323,31 5,26 
0.517 -335,18 0,27 
0.525 -349,18 -4,72 
0.533 -356,37 -9,73 
0.542 -370,37 -15,72 
0.550 -384,37 -21,73 

# hanche
0.000 277,18 271,16 
0.008 270,21 271,16 
0.016 265,18 270,16 
0.025 259,16 268,15 
0.033 252,18 265,16 
0.041 246,19 262,16 
0.050 240,19 259,17 
0.058 234,18 256,16 
0.066 227,18 253,17 
0.075 221,16 250,17 
0.083 214,16 248,17 
0.091 208,16 245,17 
0.100 201,17 241,17 
0.108 195,17 238,18 
0.116 189,18 237,18 
0.125 183,18 236,17 
0.133 177,17 235,17 
0.141 171,16 234,17 
0.150 164,16 234,17 
0.158 158,16 234,17 
0.166 152,15 235,17 
0.175 145,15 237,17 
0.183 138,15 239,17 
0.191 131,16 240,16 
0.200 125,15 241,87 
0.208 116,16 243,87 
0.216 108,16 246,88 
0.225 102,16 247,88 
0.233 94,16 249,87 
0.241 86,16 250,87 
0.250 78,15 249,87 
0.258 71,70 249,45 
0.266 62,71 249,44 
0.275 53,71 247,44 
0.283 47,56 245,44 
0.291 38,55 242,44 
0.300 28,56 239,44 
0.308 18,58 235,45 
0.316 12,41 232,16 
0.325 1,42 227,16 
0.333 -8,57 222,16 
0.342 -18,56 217,16 
0.350 -28,55 212,16 
0.358 -34,71 208,87 
0.367 -45,70 205,87 
0.375 -54,71 201,87 
0.383 -64,70 198,86 
0.392 -73,69 194,86 
0.400 -82,69 191,86 
0.408 -91,69 188,87 
0.417 -101,68 188,87 
0.425 -110,69 191,54 
0.433 -121,68 191,55 
0.442 -133,82 191,55 
0.450 -145,80 192,54 
0.458 -157,49 191,83 
0.467 -168,49 192,83 
0.475 -180,47 192,84 
0.483 -185,81 192,69 
0.492 -198,82 193,68 
0.500 -211,82 192,69 
0.508 -223,41 191,68 
0.517 -237,41 190,69 
0.525 -251,40 188,69 
0.533 -265,40 184,69 
0.542 -279,39 175,30 
0.550 -293,39 171,30 

# début queue
0.000 275,17 306,83 
0.008 270,43 306,24 
0.016 262,72 308,09 
0.025 256,73 306,09 
0.033 250,72 304,09 
0.041 244,71 301,09 
0.050 237,99 298,08 
0.058 231,98 295,07 
0.066 225,98 292,06 
0.075 216,44 294,74 
0.083 210,86 303,10 
0.091 204,88 300,10 
0.100 198,89 296,10 
0.108 191,48 293,10 
0.116 181,66 292,93 
0.125 173,54 294,48 
0.133 165,69 297,15 
0.141 162,57 295,86 
0.150 153,74 295,90 
0.158 152,74 294,64 
0.166 143,52 296,77 
0.175 136,68 297,19 
0.183 123,01 302,03 
0.191 114,02 304,04 
0.200 110,27 307,04 
0.208 100,97 311,03 
0.216 92,96 312,04 
0.225 83,97 315,04 
0.233 78,10 316,04 
0.241 69,09 316,05 
0.250 60,09 318,05 
0.258 52,08 317,05 
0.266 42,09 318,05 
0.275 33,70 321,32 
0.283 21,16 320,32 
0.291 14,99 313,06 
0.300 6,98 310,07 
0.308 -3,02 309,07 
0.316 -11,92 304,40 
0.325 -20,93 299,40 
0.333 -29,65 291,85 
0.342 -39,64 286,86 
0.350 -47,64 281,86 
0.358 -53,76 279,69 
0.367 -63,76 274,69 
0.375 -79,13 267,15 
0.383 -87,42 261,02 
0.392 -96,42 257,01 
0.400 -105,43 254,00 
0.408 -115,42 251,99 
0.417 -125,41 250,98 
0.425 -134,42 248,98 
0.433 -145,42 248,97 
0.442 -156,40 248,96 
0.450 -166,39 247,96 
0.458 -177,38 247,97 
0.467 -188,37 247,98 
0.475 -200,38 248,97 
0.483 -212,38 248,97 
0.492 -225,39 248,98 
0.500 -239,38 248,98 
0.508 -252,39 246,99 
0.517 -266,40 245,99 
0.525 -281,39 243,99 
0.533 -295,40 240,99 
0.542 -302,43 236,57 
0.550 -317,43 233,56 

# pointe dos
0.000 166,83 338,75 
0.008 163,61 338,46 
0.016 159,75 338,17 
0.025 154,60 336,59 
0.033 148,15 334,00 
0.041 140,69 331,72 
0.050 132,94 328,14 
0.058 127,14 327,14 
0.066 113,88 322,27 
0.075 104,19 317,05 
0.083 92,88 314,11 
0.091 87,71 312,46 
0.100 87,07 309,87 
0.108 80,90 308,23 
0.116 72,90 306,23 
0.125 63,48 305,01 
0.133 60,69 306,57 
0.141 55,69 306,56 
0.150 37,72 305,26 
0.158 26,50 303,99 
0.166 16,21 302,41 
0.175 7,21 304,40 
0.183 -0,79 307,40 
0.191 -8,80 309,41 
0.200 -18,80 311,40 
0.208 -32,79 312,41 
0.216 -39,50 314,75 
0.225 -48,15 315,48 
0.233 -58,44 315,84 
0.241 -74,18 315,42 
0.250 -84,50 313,32 
0.258 -95,81 309,58 
0.266 -118,73 305,19 
0.275 -134,83 298,73 
0.283 -149,47 295,72 
0.291 -154,38 294,95 
0.300 -161,09 292,95 
0.308 -169,09 291,58 
0.316 -176,53 290,29 
0.325 -183,34 285,14 
0.333 -187,85 281,26 
0.342 -195,94 280,59 
0.350 -204,66 276,70 
0.358 -226,30 267,66 
0.367 -241,15 262,50 
0.375 -261,14 257,05 
0.383 -276,40 249,31 
0.392 -288,43 247,38 
0.400 -295,08 245,38 
0.408 -303,08 245,38 
0.417 -319,59 239,21 
0.425 -330,59 235,98 
0.433 -344,24 234,03 
0.442 -360,23 233,03 
0.450 -374,39 234,02 
0.458 -390,39 234,01 
0.467 -405,39 234,01 
0.475 -429,39 231,01 
0.483 -444,20 231,44 
0.492 -468,20 228,45 
0.500 -486,30 224,99 
0.508 -512,62 221,76 
0.517 -536,62 218,77 
0.525 -553,62 217,76 
0.533 -574,62 213,77 
0.542 -586,62 213,77 
0.550 -595,62 213,78 
