#Kinovea Trajectory data export
#T X Y

# métatarses
0.000 157,40 -307,01 
0.008 148,86 -304,65 
0.016 144,29 -314,32 
0.025 142,54 -313,07 
0.033 144,06 -313,65 
0.041 142,34 -313,71 
0.050 144,27 -310,41 
0.058 139,33 -317,13 
0.066 141,33 -315,13 
0.075 141,32 -315,13 
0.083 141,31 -315,11 
0.091 140,31 -315,11 
0.100 140,31 -315,10 
0.108 139,31 -315,10 
0.116 139,31 -315,09 
0.125 138,31 -315,09 
0.133 137,31 -315,09 
0.141 139,16 -315,08 
0.150 139,14 -315,07 
0.158 137,13 -315,06 
0.166 136,13 -314,07 
0.175 134,13 -315,05 
0.183 132,13 -314,05 
0.191 131,12 -313,05 
0.200 128,54 -310,21 
0.208 126,54 -309,21 
0.216 124,53 -302,96 
0.225 121,53 -301,53 
0.233 117,10 -297,70 
0.241 111,67 -292,86 
0.250 105,66 -287,02 
0.258 96,67 -282,01 
0.266 85,66 -276,01 
0.275 73,09 -271,01 
0.283 58,08 -268,02 
0.291 39,65 -263,18 
0.300 21,65 -263,18 
0.308 0,65 -263,18 
0.316 -21,34 -263,18 
0.325 -42,93 -268,47 
0.333 -68,34 -271,31 
0.342 -92,36 -271,31 
0.350 -118,36 -274,31 
0.358 -145,36 -275,31 
0.367 -166,68 -278,73 
0.375 -197,94 -280,73 
0.383 -226,94 -283,73 
0.392 -253,94 -285,73 
0.400 -286,94 -288,74 
0.408 -318,94 -291,74 
0.417 -347,94 -292,74 
0.425 -380,94 -295,75 
0.433 -404,27 -296,74 
0.442 -434,26 -298,74 
0.450 -462,26 -299,74 
0.458 -490,27 -301,74 
0.467 -516,27 -302,75 
0.475 -539,27 -302,77 
0.483 -568,52 -304,77 
0.492 -588,53 -304,78 
0.500 -607,52 -304,80 
0.508 -618,85 -307,38 
0.517 -633,85 -310,37 
0.525 -638,85 -310,38 
0.533 -646,84 -314,40 
0.542 -649,43 -319,40 
0.550 -651,43 -319,41 

# tarse
0.000 221,42 -260,95 
0.008 211,42 -262,95 
0.016 204,41 -265,95 
0.025 200,41 -267,95 
0.033 200,41 -268,95 
0.041 200,40 -269,95 
0.050 199,40 -269,95 
0.058 196,41 -269,95 
0.066 195,41 -269,95 
0.075 193,41 -268,94 
0.083 192,41 -266,95 
0.091 190,41 -265,95 
0.100 187,42 -264,95 
0.108 188,22 -263,00 
0.116 184,22 -261,99 
0.125 180,22 -260,00 
0.133 180,02 -255,11 
0.141 176,01 -252,10 
0.150 172,00 -250,10 
0.158 168,01 -246,11 
0.166 162,02 -244,10 
0.175 157,02 -241,10 
0.183 151,02 -238,10 
0.191 145,02 -235,11 
0.200 138,01 -231,11 
0.208 131,01 -229,05 
0.216 123,01 -224,05 
0.225 115,02 -220,04 
0.233 106,03 -216,04 
0.241 97,04 -213,02 
0.250 86,05 -209,02 
0.258 75,06 -205,01 
0.266 65,95 -201,00 
0.275 53,94 -197,00 
0.283 39,94 -192,99 
0.291 24,94 -189,99 
0.300 8,94 -187,98 
0.308 -8,07 -186,97 
0.316 -26,07 -185,96 
0.325 -45,06 -185,96 
0.333 -64,05 -186,95 
0.342 -83,06 -187,94 
0.350 -104,05 -188,95 
0.358 -124,05 -190,96 
0.367 -145,05 -193,96 
0.375 -166,06 -196,95 
0.383 -188,06 -200,95 
0.392 -211,06 -204,95 
0.400 -235,05 -209,94 
0.408 -259,04 -213,94 
0.417 -284,04 -218,94 
0.425 -309,04 -223,94 
0.433 -335,04 -228,93 
0.442 -361,04 -232,93 
0.450 -387,03 -236,92 
0.458 -412,03 -239,93 
0.467 -437,03 -242,93 
0.475 -461,04 -244,93 
0.483 -485,03 -246,93 
0.492 -505,03 -247,93 
0.500 -523,03 -248,93 
0.508 -539,02 -249,92 
0.517 -552,02 -250,93 
0.525 -564,01 -252,93 
0.533 -573,01 -254,94 
0.542 -581,01 -258,92 
0.550 -586,01 -260,92 

# jarret
0.000 238,40 -112,01 
0.008 226,40 -112,03 
0.016 216,39 -114,01 
0.025 206,39 -116,00 
0.033 196,39 -119,00 
0.041 186,39 -121,01 
0.050 176,39 -124,01 
0.058 172,06 -130,84 
0.066 163,05 -134,83 
0.075 155,05 -137,83 
0.083 147,05 -140,83 
0.091 139,05 -142,83 
0.100 131,05 -144,84 
0.108 123,05 -145,84 
0.116 114,05 -146,85 
0.125 105,05 -147,85 
0.133 96,05 -147,86 
0.141 88,05 -147,85 
0.150 80,05 -146,86 
0.158 72,05 -145,85 
0.166 64,05 -142,86 
0.175 56,04 -140,85 
0.183 46,05 -136,85 
0.191 40,83 -132,85 
0.200 31,83 -128,85 
0.208 21,84 -124,85 
0.216 12,78 -119,91 
0.225 2,77 -116,91 
0.233 -0,71 -115,79 
0.241 -13,70 -113,78 
0.250 -26,70 -111,78 
0.258 -40,69 -110,78 
0.266 -55,69 -110,77 
0.275 -70,69 -110,77 
0.283 -86,69 -111,77 
0.291 -103,69 -112,77 
0.300 -120,69 -114,77 
0.308 -137,70 -116,78 
0.316 -155,70 -118,78 
0.325 -173,70 -121,77 
0.333 -190,70 -123,76 
0.342 -212,43 -125,76 
0.350 -231,43 -127,76 
0.358 -249,43 -128,76 
0.367 -268,43 -129,76 
0.375 -287,43 -128,77 
0.383 -305,43 -127,77 
0.392 -322,43 -125,76 
0.400 -339,43 -122,76 
0.408 -361,05 -119,81 
0.417 -378,05 -116,82 
0.425 -394,05 -114,81 
0.433 -410,05 -111,81 
0.442 -426,05 -108,82 
0.450 -441,05 -106,81 
0.458 -455,94 -103,82 
0.467 -470,94 -101,83 
0.475 -484,94 -100,82 
0.483 -497,93 -99,82 
0.492 -511,93 -98,83 
0.500 -525,93 -98,84 
0.508 -542,76 -98,85 
0.517 -557,76 -98,87 
0.525 -571,76 -99,87 
0.533 -584,76 -100,87 
0.542 -597,76 -101,88 
0.550 -610,75 -103,89 

# hanche
0.000 328,05 0,99 
0.008 315,06 2,99 
0.016 304,06 2,99 
0.025 292,06 2,99 
0.033 281,06 0,99 
0.041 270,06 -0,01 
0.050 259,05 -2,01 
0.058 248,05 -4,01 
0.066 237,05 -6,01 
0.075 226,05 -7,00 
0.083 215,05 -8,00 
0.091 204,05 -9,00 
0.100 193,06 -10,00 
0.108 183,05 -10,00 
0.116 172,05 -11,00 
0.125 161,05 -11,00 
0.133 150,05 -10,00 
0.141 139,05 -9,00 
0.150 125,22 -4,16 
0.158 113,21 -1,16 
0.166 101,22 1,84 
0.175 90,21 4,83 
0.183 78,21 7,83 
0.191 68,11 8,94 
0.200 55,11 13,94 
0.208 43,10 16,94 
0.216 30,10 20,94 
0.225 18,10 23,94 
0.233 5,10 26,94 
0.241 -7,90 29,94 
0.250 -21,90 32,94 
0.258 -34,90 33,94 
0.266 -47,89 34,95 
0.275 -60,89 35,95 
0.283 -73,89 35,94 
0.291 -86,88 34,95 
0.300 -99,88 33,95 
0.308 -112,87 32,94 
0.316 -125,88 30,94 
0.325 -139,87 28,94 
0.333 -152,87 25,94 
0.342 -165,87 23,94 
0.350 -177,87 20,94 
0.358 -195,55 20,83 
0.367 -209,54 19,84 
0.375 -222,54 18,84 
0.383 -234,53 17,84 
0.392 -247,48 12,12 
0.400 -259,49 12,11 
0.408 -272,49 12,10 
0.417 -285,49 12,10 
0.425 -298,49 13,11 
0.433 -311,50 15,10 
0.442 -325,50 17,09 
0.450 -339,49 19,09 
0.458 -352,50 21,09 
0.467 -366,50 23,10 
0.475 -380,50 26,09 
0.483 -395,50 30,94 
0.492 -410,51 33,94 
0.500 -425,51 35,95 
0.508 -440,51 37,95 
0.517 -455,52 38,96 
0.525 -470,52 39,95 
0.533 -485,52 39,94 
0.542 -500,51 38,93 
0.550 -514,51 37,94 

# début queue
0.000 336,25 26,08 
0.008 323,26 27,08 
0.016 312,25 27,08 
0.025 300,25 27,08 
0.033 289,25 26,08 
0.041 278,25 25,08 
0.050 267,25 24,08 
0.058 259,09 23,97 
0.066 247,10 23,98 
0.075 237,09 22,98 
0.083 226,09 22,98 
0.091 215,09 22,98 
0.100 201,25 24,82 
0.108 189,25 25,81 
0.116 178,24 25,81 
0.125 167,24 26,81 
0.133 156,25 27,80 
0.141 145,25 28,80 
0.150 134,24 30,80 
0.158 122,25 32,80 
0.166 111,25 34,81 
0.175 99,25 38,80 
0.183 88,25 41,80 
0.191 75,26 44,80 
0.200 64,25 48,80 
0.208 51,25 52,80 
0.216 39,25 55,79 
0.225 26,30 55,95 
0.233 12,31 59,95 
0.241 0,31 61,95 
0.250 -12,69 63,94 
0.258 -25,69 64,95 
0.266 -31,07 65,00 
0.275 -45,01 63,16 
0.283 -58,01 63,16 
0.291 -70,01 63,16 
0.300 -83,02 62,16 
0.308 -96,02 61,16 
0.316 -109,02 59,17 
0.325 -123,02 57,17 
0.333 -136,02 55,17 
0.342 -149,03 53,16 
0.350 -162,02 51,16 
0.358 -175,91 52,00 
0.367 -188,92 51,00 
0.375 -201,91 49,01 
0.383 -213,91 48,00 
0.392 -225,91 47,01 
0.400 -237,91 47,00 
0.408 -249,91 47,00 
0.417 -261,91 48,00 
0.425 -273,91 49,00 
0.433 -286,92 50,99 
0.442 -295,08 52,89 
0.450 -308,08 55,89 
0.458 -321,08 57,89 
0.467 -335,08 60,88 
0.475 -349,08 62,88 
0.483 -363,08 64,89 
0.492 -377,08 66,89 
0.500 -388,24 64,94 
0.508 -403,24 66,94 
0.517 -418,23 67,94 
0.525 -432,23 67,94 
0.533 -447,23 67,93 
0.542 -462,13 66,93 
0.550 -477,12 67,93 

# pointe dos
0.000 157,18 82,82 
0.008 145,29 83,82 
0.016 136,61 84,82 
0.025 128,09 85,77 
0.033 116,69 84,82 
0.041 105,33 84,82 
0.050 101,49 83,87 
0.058 90,08 80,98 
0.066 73,95 79,98 
0.075 66,38 78,97 
0.083 42,67 75,19 
0.091 34,16 74,19 
0.100 33,16 73,20 
0.108 19,91 72,20 
0.116 8,56 71,21 
0.125 -3,74 71,20 
0.133 -15,15 71,20 
0.141 -35,02 73,10 
0.150 -51,10 74,10 
0.158 -75,83 76,10 
0.166 -94,94 78,10 
0.175 -106,78 81,93 
0.183 -118,37 83,94 
0.191 -127,96 86,93 
0.200 -140,23 91,83 
0.208 -152,45 95,78 
0.216 -162,72 97,84 
0.225 -179,72 100,83 
0.233 -190,77 104,77 
0.241 -200,20 107,72 
0.250 -214,31 109,72 
0.258 -226,53 110,72 
0.266 -246,53 110,72 
0.275 -256,85 112,62 
0.283 -263,96 111,68 
0.291 -264,96 111,68 
0.300 -276,31 112,14 
0.308 -281,99 110,15 
0.316 -303,80 107,20 
0.325 -328,46 105,20 
0.333 -332,35 102,82 
0.342 -350,32 99,87 
0.350 -362,62 97,86 
0.358 -370,30 95,86 
0.367 -390,17 93,87 
0.375 -401,52 92,87 
0.383 -418,61 90,92 
0.392 -431,45 89,92 
0.400 -439,96 89,92 
0.408 -446,64 89,93 
0.417 -471,40 88,19 
0.425 -478,89 90,14 
0.433 -495,89 91,14 
0.442 -507,89 93,14 
0.450 -526,72 94,20 
0.458 -543,72 96,20 
0.467 -556,89 98,20 
0.475 -571,05 100,20 
0.483 -587,05 103,15 
0.492 -604,94 105,15 
0.500 -620,99 108,10 
0.508 -634,21 109,15 
0.517 -650,21 110,15 
0.525 -664,32 111,15 
0.533 -683,15 111,16 
0.542 -699,15 111,16 
0.550 -711,15 111,16 
