#Kinovea Trajectory data export
#T X Y

# hanche
0.000 -72,10 77,58 
0.008 -80,09 80,58 
0.016 -87,09 81,59 
0.025 -94,08 82,57 
0.033 -100,09 82,56 
0.041 -107,09 81,57 
0.050 -114,09 81,56 
0.058 -120,09 80,57 
0.066 -126,09 80,56 
0.075 -132,09 80,56 
0.083 -138,09 80,56 
0.091 -144,09 80,57 
0.100 -150,09 81,56 
0.108 -156,09 81,57 
0.116 -161,09 82,58 
0.125 -166,09 84,57 
0.133 -172,09 85,57 
0.141 -177,09 87,57 
0.150 -182,09 89,58 
0.158 -187,09 92,58 
0.166 -192,09 95,58 
0.175 -197,09 98,58 
0.183 -202,10 101,58 
0.191 -208,10 105,58 
0.200 -213,10 108,58 
0.208 -219,10 112,58 
0.216 -224,10 115,59 
0.225 -230,10 119,58 
0.233 -236,09 122,57 
0.241 -237,60 123,35 
0.250 -245,34 126,84 
0.258 -250,35 129,83 
0.266 -256,34 130,83 
0.275 -261,34 131,82 
0.283 -266,34 131,83 
0.291 -266,86 131,09 
0.300 -272,86 131,08 
0.308 -277,86 130,08 
0.316 -282,87 129,08 
0.325 -287,87 128,08 
0.333 -293,86 126,09 
0.342 -298,85 125,09 
0.350 -303,85 124,08 
0.358 -311,59 123,08 
0.367 -317,57 122,09 
0.375 -321,57 122,08 
0.383 -321,84 121,09 
0.392 -326,84 121,08 
0.400 -331,84 121,07 
0.408 -336,59 122,57 
0.417 -341,60 124,56 
0.425 -346,61 125,55 
0.433 -351,60 126,55 
0.442 -355,61 128,54 
0.450 -362,12 131,04 
0.458 -367,11 133,04 
0.467 -371,11 135,04 
0.475 -376,11 137,04 
0.483 -380,11 139,03 
0.492 -385,10 141,02 
0.500 -389,11 142,02 
0.508 -393,12 144,01 
0.517 -397,13 145,00 
0.525 -401,14 145,00 
0.533 -405,13 145,02 
0.542 -408,14 145,03 
0.550 -412,13 145,03 

# début queue
0.000 -9,96 101,19 
0.008 -18,96 103,19 
0.016 -25,96 103,19 
0.025 -33,96 104,19 
0.033 -41,95 105,20 
0.041 -49,95 105,20 
0.050 -57,95 106,20 
0.058 -65,96 107,19 
0.066 -72,96 107,19 
0.075 -80,96 108,19 
0.083 -87,95 109,20 
0.091 -93,95 109,20 
0.100 -99,94 110,20 
0.108 -104,95 111,20 
0.116 -110,95 112,20 
0.125 -120,94 115,20 
0.133 -125,93 115,21 
0.141 -132,94 119,21 
0.150 -132,71 120,20 
0.158 -139,71 123,20 
0.166 -141,23 126,19 
0.175 -147,23 129,19 
0.183 -153,23 132,19 
0.191 -158,23 135,19 
0.200 -164,23 138,19 
0.208 -169,23 141,19 
0.216 -174,23 143,19 
0.225 -180,23 146,19 
0.233 -185,24 148,19 
0.241 -191,24 150,19 
0.250 -196,24 151,18 
0.258 -202,24 153,18 
0.266 -207,24 154,17 
0.275 -212,24 154,18 
0.283 -218,23 155,18 
0.291 -222,24 155,19 
0.300 -228,24 156,18 
0.308 -234,24 155,19 
0.316 -240,24 155,19 
0.325 -245,24 154,20 
0.333 -250,24 153,20 
0.342 -256,24 153,20 
0.350 -259,24 151,20 
0.358 -264,24 151,20 
0.367 -269,23 150,20 
0.375 -273,23 150,19 
0.383 -277,23 149,19 
0.392 -281,24 148,20 
0.400 -286,24 149,19 
0.408 -292,24 150,19 
0.417 -291,76 150,20 
0.425 -297,75 151,20 
0.433 -302,75 153,20 
0.442 -306,75 154,20 
0.450 -311,75 156,20 
0.458 -318,99 156,71 
0.467 -324,99 158,71 
0.475 -329,99 160,70 
0.483 -336,23 160,96 
0.492 -340,23 161,96 
0.500 -345,98 161,71 
0.508 -350,98 162,72 
0.517 -354,97 163,71 
0.525 -357,97 162,72 
0.533 -361,22 163,72 
0.542 -365,21 163,72 
0.550 -368,22 163,71 

# jarret
0.000 -112,53 -23,47 
0.008 -117,54 -22,47 
0.016 -123,30 -21,48 
0.025 -128,30 -21,48 
0.033 -133,30 -21,49 
0.041 -136,81 -22,50 
0.050 -140,81 -23,50 
0.058 -144,81 -24,51 
0.066 -147,82 -26,50 
0.075 -151,82 -27,49 
0.083 -156,07 -31,23 
0.091 -160,82 -31,24 
0.100 -165,58 -31,24 
0.108 -169,58 -31,23 
0.116 -173,60 -30,23 
0.125 -178,59 -29,23 
0.133 -181,85 -28,22 
0.141 -185,84 -26,23 
0.150 -187,36 -24,24 
0.158 -191,35 -21,25 
0.166 -195,33 -18,25 
0.175 -198,34 -15,25 
0.183 -200,10 -11,25 
0.191 -204,86 -7,25 
0.200 -208,87 -3,24 
0.208 -213,87 0,76 
0.216 -217,38 5,76 
0.225 -222,39 9,75 
0.233 -225,90 14,24 
0.241 -230,92 17,24 
0.250 -234,68 19,49 
0.258 -240,67 21,50 
0.266 -246,66 23,51 
0.275 -253,41 25,50 
0.283 -259,42 26,50 
0.291 -266,43 27,49 
0.300 -273,44 27,49 
0.308 -282,92 27,49 
0.316 -289,92 27,49 
0.325 -298,41 25,99 
0.333 -305,41 25,99 
0.342 -311,42 25,98 
0.350 -318,42 25,98 
0.358 -325,42 25,97 
0.367 -332,42 26,97 
0.375 -338,41 28,97 
0.383 -343,41 30,97 
0.392 -348,41 32,23 
0.400 -353,42 34,23 
0.408 -358,42 37,23 
0.417 -362,68 41,22 
0.425 -367,67 43,23 
0.433 -371,66 45,25 
0.442 -379,64 49,73 
0.450 -383,66 51,72 
0.458 -387,66 53,73 
0.467 -391,67 55,72 
0.475 -395,65 56,74 
0.483 -399,64 58,73 
0.492 -402,64 58,73 
0.500 -403,40 59,73 
0.508 -406,40 60,72 
0.517 -407,15 60,73 
0.525 -410,13 60,74 
0.533 -412,14 60,76 
0.542 -415,14 61,74 
0.550 -417,14 60,75 

# tarse
0.000 -90,71 -152,24 
0.008 -96,72 -151,23 
0.016 -102,23 -149,74 
0.025 -104,22 -150,75 
0.033 -104,70 -153,25 
0.041 -102,68 -153,24 
0.050 -99,44 -154,48 
0.058 -99,42 -153,48 
0.066 -99,40 -153,47 
0.075 -98,42 -151,47 
0.083 -99,41 -150,46 
0.091 -100,39 -148,47 
0.100 -101,40 -147,47 
0.108 -103,38 -145,48 
0.116 -107,38 -143,48 
0.125 -109,37 -140,48 
0.133 -109,10 -136,74 
0.141 -111,11 -133,74 
0.150 -114,10 -130,74 
0.158 -116,86 -127,75 
0.166 -120,87 -123,75 
0.175 -123,86 -120,75 
0.183 -127,85 -116,74 
0.191 -131,85 -112,73 
0.200 -134,35 -108,73 
0.208 -138,36 -104,73 
0.216 -143,36 -99,74 
0.225 -145,13 -94,74 
0.233 -150,13 -89,75 
0.241 -159,62 -83,50 
0.250 -164,63 -78,52 
0.258 -168,13 -74,26 
0.266 -174,12 -67,28 
0.275 -180,11 -62,27 
0.283 -186,09 -57,26 
0.291 -195,08 -52,26 
0.300 -202,08 -47,26 
0.308 -209,84 -43,27 
0.316 -216,85 -39,28 
0.325 -222,61 -40,25 
0.333 -230,60 -37,25 
0.342 -238,60 -35,24 
0.350 -248,10 -34,00 
0.358 -256,09 -32,00 
0.367 -264,11 -31,01 
0.375 -272,87 -31,75 
0.383 -280,86 -31,75 
0.392 -288,84 -31,75 
0.400 -296,82 -31,75 
0.408 -304,79 -31,76 
0.417 -310,80 -32,76 
0.425 -317,81 -32,77 
0.433 -321,81 -33,02 
0.442 -327,83 -32,02 
0.450 -334,82 -32,00 
0.458 -340,81 -31,01 
0.467 -349,06 -33,73 
0.475 -353,56 -32,74 
0.483 -360,82 -31,75 
0.492 -364,84 -30,76 
0.500 -369,83 -29,76 
0.508 -373,83 -28,77 
0.517 -376,83 -28,76 
0.525 -379,84 -28,75 
0.533 -381,84 -28,75 
0.542 -383,83 -29,74 
0.550 -384,83 -29,75 

# métatarses
0.000 -115,22 -181,00 
0.008 -119,22 -180,00 
0.016 -122,22 -182,00 
0.025 -124,23 -182,00 
0.033 -122,99 -183,75 
0.041 -122,99 -184,76 
0.050 -122,99 -185,75 
0.058 -121,99 -184,75 
0.066 -123,98 -184,76 
0.075 -123,98 -184,75 
0.083 -124,98 -184,75 
0.091 -124,23 -181,76 
0.100 -124,24 -181,76 
0.108 -125,23 -181,76 
0.116 -125,24 -181,75 
0.125 -126,23 -181,75 
0.133 -125,49 -181,74 
0.141 -125,50 -181,73 
0.150 -126,50 -181,73 
0.158 -126,50 -180,73 
0.166 -125,26 -180,73 
0.175 -125,27 -180,72 
0.183 -124,78 -177,49 
0.191 -126,77 -176,48 
0.200 -127,77 -175,48 
0.208 -128,52 -171,24 
0.216 -130,52 -168,24 
0.225 -131,52 -166,24 
0.233 -134,51 -161,24 
0.241 -136,52 -155,24 
0.250 -143,51 -145,25 
0.258 -148,52 -137,25 
0.266 -154,51 -129,25 
0.275 -160,49 -123,25 
0.283 -166,50 -117,26 
0.291 -173,00 -112,51 
0.300 -181,99 -108,51 
0.308 -191,98 -104,52 
0.316 -201,98 -101,52 
0.325 -211,99 -97,52 
0.333 -222,99 -95,52 
0.342 -233,99 -91,52 
0.350 -244,98 -91,52 
0.358 -255,97 -91,51 
0.367 -266,97 -89,52 
0.375 -271,50 -85,52 
0.383 -281,49 -82,52 
0.392 -291,48 -80,52 
0.400 -300,48 -77,53 
0.408 -307,97 -71,55 

# pointe dos
0.000 -140,21 164,34 
0.008 -143,20 165,33 
0.016 -151,70 166,00 
0.025 -162,54 166,83 
0.033 -172,87 165,31 
0.041 -176,87 165,31 
0.050 -181,55 164,31 
0.058 -185,55 163,31 
0.066 -188,56 162,30 
0.075 -197,40 157,80 
0.083 -199,41 157,80 
0.091 -202,41 156,80 
0.100 -204,41 155,81 
0.108 -206,41 155,81 
0.116 -209,41 155,81 
0.125 -219,76 156,65 
0.133 -229,61 155,98 
0.141 -234,60 157,98 
0.150 -238,60 159,98 
0.158 -243,60 161,98 
0.166 -248,60 163,98 
0.175 -253,60 166,98 
0.183 -259,60 168,99 
0.191 -265,60 171,99 
0.200 -270,60 173,99 
0.208 -273,59 174,77 
0.216 -282,76 177,61 
0.225 -289,43 180,44 
0.233 -295,93 182,95 
0.241 -301,76 184,77 
0.250 -305,09 186,45 
0.258 -305,75 187,28 
0.266 -309,91 188,11 
0.275 -315,58 189,78 
0.283 -317,08 189,95 
0.291 -318,24 190,95 
0.300 -319,57 189,28 
0.308 -325,57 188,28 
0.316 -332,75 187,28 
0.325 -337,75 185,44 
0.333 -343,58 183,45 
0.342 -351,08 181,61 
0.350 -355,92 180,61 
0.358 -361,59 179,78 
0.367 -366,59 178,95 
0.375 -370,75 177,43 
0.383 -371,41 174,92 
0.392 -372,74 175,91 
0.400 -372,73 174,41 
0.408 -375,90 173,58 
0.417 -375,72 173,91 
0.425 -382,39 175,91 
0.433 -387,90 177,09 
0.442 -392,90 178,10 
0.450 -398,74 178,43 
0.458 -406,92 179,60 
0.467 -410,91 180,10 
0.475 -417,42 179,60 
0.483 -420,58 181,77 
0.492 -421,24 182,27 
0.500 -421,07 182,44 
0.508 -425,06 183,45 
0.517 -430,73 186,95 
0.525 -434,05 187,96 
0.533 -437,05 188,97 
0.542 -441,05 188,97 
0.550 -443,05 188,97 
