#Kinovea Trajectory data export
#T X Y

# hanche
0.000 24,24 85,79 
0.008 25,25 87,78 
0.016 26,26 87,78 
0.025 27,27 86,79 
0.033 28,29 86,78 
0.041 30,64 83,41 
0.050 31,63 82,41 
0.058 32,62 81,41 
0.066 33,60 80,42 
0.075 33,61 79,43 
0.083 34,60 79,42 
0.091 35,58 78,43 
0.100 35,59 78,42 
0.108 36,60 78,41 
0.116 37,61 78,41 
0.125 38,61 78,41 
0.133 39,61 79,40 
0.141 40,60 79,40 
0.150 41,60 80,40 
0.158 43,28 82,76 
0.166 44,28 84,77 
0.175 45,28 86,77 
0.183 46,30 88,76 
0.191 47,30 89,77 
0.200 48,31 91,78 
0.208 49,31 93,79 
0.216 50,32 95,79 
0.225 51,32 97,79 
0.233 52,32 98,80 
0.241 53,31 100,80 
0.250 53,32 100,81 
0.258 54,32 101,81 
0.266 55,31 102,80 
0.275 55,32 101,81 
0.283 56,32 102,80 
0.291 57,30 101,81 
0.300 57,32 100,81 
0.308 58,31 99,82 
0.316 59,29 99,81 
0.325 59,29 97,81 
0.333 59,31 95,82 
0.342 60,29 94,83 
0.350 60,29 93,82 
0.358 61,27 92,82 
0.367 61,26 91,82 
0.375 61,27 90,83 
0.383 62,26 90,82 
0.392 62,25 89,83 
0.400 62,25 89,82 
0.408 62,25 88,83 
0.417 62,26 89,82 
0.425 62,27 89,82 
0.433 62,27 89,82 
0.442 62,28 90,82 
0.450 62,29 91,82 
0.458 63,27 92,83 
0.467 63,26 93,84 
0.475 63,26 94,84 
0.483 63,26 95,85 
0.492 63,28 96,84 
0.500 64,94 98,52 
0.508 64,96 99,52 
0.517 65,95 100,52 
0.525 65,96 100,51 
0.533 66,96 100,51 
0.542 66,98 99,51 
0.550 67,99 99,50 

# tarse
0.000 55,52 -95,30 
0.008 55,51 -94,30 
0.016 55,51 -95,30 
0.025 55,52 -95,30 
0.033 57,51 -97,30 
0.041 56,93 -96,41 
0.050 57,93 -95,41 
0.058 60,27 -95,09 
0.066 61,26 -94,08 
0.075 59,54 -93,08 
0.083 60,54 -92,09 
0.091 61,53 -92,08 
0.100 62,52 -92,09 
0.108 61,53 -93,09 
0.116 60,52 -92,08 
0.125 59,16 -90,41 
0.133 59,16 -89,40 
0.141 59,17 -88,40 
0.150 59,18 -89,40 
0.158 60,18 -89,40 
0.166 59,50 -83,32 
0.175 60,49 -81,32 
0.183 60,48 -78,31 
0.191 60,47 -75,31 
0.200 60,46 -72,31 
0.208 60,15 -74,36 
0.216 60,14 -72,36 
0.225 60,14 -69,36 
0.233 60,15 -66,36 
0.241 61,14 -64,36 
0.250 61,15 -58,37 
0.258 62,15 -55,37 
0.266 61,85 -52,20 
0.275 63,51 -45,50 
0.283 64,22 -41,50 
0.291 66,85 -38,50 
0.300 67,82 -36,50 
0.308 68,81 -34,51 
0.316 69,81 -30,13 
0.325 70,81 -29,11 
0.333 71,80 -28,11 
0.342 72,78 -28,10 
0.350 72,86 -27,09 
0.358 73,86 -27,10 
0.367 73,90 -27,10 
0.375 74,89 -26,42 
0.383 74,90 -25,41 
0.392 74,24 -27,47 
0.400 74,24 -25,47 
0.408 74,91 -24,79 
0.417 74,94 -23,79 
0.425 77,97 -25,46 
0.433 78,97 -24,46 
0.442 81,68 -22,46 
0.450 82,67 -21,45 

# métatarses
0.000 58,82 -116,11 
0.008 60,71 -120,68 
0.016 55,98 -119,52 
0.025 56,01 -118,35 
0.033 56,98 -116,19 
0.041 57,96 -120,70 
0.050 58,00 -118,65 
0.058 58,99 -116,65 
0.066 59,09 -116,60 
0.075 60,09 -115,59 
0.083 60,15 -116,43 
0.091 61,14 -114,43 
0.100 56,46 -118,11 
0.108 57,47 -116,11 
0.116 56,47 -117,11 
0.125 56,47 -117,11 
0.133 56,47 -117,11 
0.141 56,46 -117,12 
0.150 56,46 -117,12 
0.158 56,46 -117,12 
0.166 56,46 -116,11 
0.175 56,47 -114,11 
0.183 56,46 -115,11 
0.191 57,40 -110,38 
0.200 58,34 -105,55 
0.208 57,35 -107,55 
0.216 58,31 -99,03 
0.225 58,31 -96,03 
0.233 58,31 -91,04 
0.241 61,15 -93,20 
0.250 61,15 -89,20 
0.258 63,05 -82,63 
0.266 63,06 -76,85 
0.275 65,90 -74,85 
0.283 65,90 -72,85 
0.291 65,91 -70,85 
0.300 66,90 -67,85 
0.308 70,69 -64,95 
0.316 72,59 -64,95 
0.325 74,50 -64,00 
0.333 72,61 -63,05 
0.342 72,62 -62,05 
0.350 71,72 -59,10 
0.358 71,73 -58,10 
0.367 72,72 -56,10 
0.375 72,72 -55,09 
0.383 76,53 -53,09 
0.392 77,52 -50,10 
0.400 77,53 -53,83 
0.408 78,51 -52,84 
0.417 82,31 -52,83 
0.425 83,28 -52,83 
0.433 83,30 -52,82 
0.442 87,14 -52,81 
0.450 87,17 -52,81 
0.458 90,04 -49,92 
0.467 90,07 -49,91 
