#Kinovea Trajectory data export
#T X Y

# métatarses
0.000 -129,37 -167,34 
0.008 -125,25 -172,47 
0.016 -123,54 -176,89 
0.025 -124,23 -176,89 
0.033 -124,23 -176,89 
0.041 -124,22 -178,89 
0.050 -122,50 -176,31 
0.058 -118,50 -178,31 

# métatarses
0.150 -124,98 -177,27 
0.158 -122,98 -177,27 
0.166 -123,19 -177,49 
0.175 -123,02 -177,50 
0.183 -121,86 -177,79 
0.191 -120,99 -176,37 
0.200 -117,98 -176,37 

# tarse
0.008 -134,97 -142,46 
0.016 -132,97 -143,45 
0.025 -131,53 -145,87 
0.033 -131,53 -146,87 
0.041 -132,38 -144,14 
0.050 -133,38 -144,14 

# tarse
0.141 -131,79 -141,08 
0.150 -129,80 -137,63 
0.158 -130,63 -135,47 
0.166 -128,63 -136,86 
0.175 -126,63 -135,27 
0.183 -125,34 -132,69 
0.191 -122,33 -132,69 
