#Kinovea Trajectory data export
#T X Y

# métatarses
0.041 -43,21 -346,99 
0.050 -45,21 -347,99 
0.058 -43,21 -347,00 
0.066 -43,21 -347,00 
0.075 -43,21 -347,00 
0.083 -43,22 -346,99 
0.091 -44,21 -346,99 
0.100 -44,21 -346,98 
0.108 -45,21 -346,97 
0.116 -46,21 -346,97 
0.125 -47,21 -346,97 
0.133 -47,21 -346,97 
0.141 -46,32 -345,91 
0.150 -45,38 -345,90 
0.158 -44,49 -346,84 
0.166 -45,49 -346,84 
0.175 -47,44 -343,00 
0.183 -48,44 -341,99 
0.191 -51,39 -337,26 
0.200 -52,39 -335,26 
0.208 -55,34 -333,37 
0.216 -57,33 -331,37 
0.225 -59,33 -325,64 
0.233 -65,17 -319,80 
0.241 -70,17 -314,80 
0.250 -78,12 -309,75 
0.258 -86,12 -304,75 
0.266 -97,13 -297,75 
0.275 -110,12 -293,74 
0.283 -123,12 -289,74 
0.291 -139,07 -286,85 
0.300 -155,08 -286,85 
0.308 -173,07 -286,85 
0.316 -192,07 -286,85 
0.325 -211,08 -287,85 
0.333 -232,08 -293,58 
0.342 -253,03 -294,57 
0.350 -274,03 -295,57 
0.358 -295,03 -297,57 
0.367 -318,02 -298,57 
0.375 -338,03 -299,57 
0.383 -358,03 -300,57 
0.392 -379,04 -301,58 
0.400 -394,23 -301,01 
0.408 -414,23 -302,01 
0.417 -434,24 -304,00 
0.425 -454,09 -303,43 
0.433 -472,08 -302,44 
0.442 -492,92 -307,28 
0.450 -508,92 -309,13 
0.458 -525,87 -312,87 
0.467 -548,44 -315,55 
0.475 -564,44 -316,54 
0.483 -572,60 -314,60 
0.492 -585,60 -314,61 
0.500 -596,61 -314,60 
0.508 -604,61 -314,59 
0.517 -612,62 -314,59 
0.525 -618,61 -316,59 

# tarse
0.000 23,25 -290,66 
0.008 13,24 -292,66 
0.016 6,23 -294,66 
0.025 3,23 -296,67 
0.033 4,22 -298,67 
0.041 5,23 -298,67 
0.050 6,23 -298,68 
0.058 5,22 -298,68 
0.066 4,21 -298,68 
0.075 3,21 -296,68 
0.083 2,21 -295,69 
0.091 -0,78 -294,68 
0.100 -1,78 -292,69 
0.108 -3,78 -291,68 
0.116 -7,76 -288,55 
0.125 -11,75 -286,55 
0.133 -14,75 -284,55 
0.141 -18,74 -282,54 
0.150 -23,74 -279,53 
0.158 -27,73 -276,53 
0.166 -32,72 -273,54 
0.175 -38,71 -270,54 
0.183 -45,15 -268,12 
0.191 -52,14 -265,11 
0.200 -58,14 -262,12 
0.208 -65,15 -259,11 
0.216 -73,14 -254,12 
0.225 -80,15 -251,11 
0.233 -89,15 -247,10 
0.241 -99,15 -243,12 
0.250 -109,13 -240,11 
0.258 -119,13 -236,12 
0.266 -130,13 -232,13 
0.275 -141,13 -228,14 
0.283 -153,14 -225,13 
0.291 -167,13 -222,12 
0.300 -181,12 -220,13 
0.308 -195,12 -219,14 
0.316 -210,12 -219,14 
0.325 -225,13 -220,13 
0.333 -242,12 -220,14 
0.342 -258,11 -222,13 
0.350 -274,12 -224,12 
0.358 -291,12 -226,11 
0.367 -308,12 -228,12 
0.375 -325,12 -231,11 
0.383 -339,97 -233,97 
0.392 -357,97 -237,96 
0.400 -374,97 -241,96 
0.408 -391,97 -245,96 
0.417 -408,41 -251,11 
0.425 -425,41 -255,11 
0.433 -442,41 -259,11 
0.442 -459,40 -262,11 
0.450 -475,26 -266,25 
0.458 -491,26 -269,25 
0.467 -507,26 -271,25 
0.475 -523,25 -273,26 
0.483 -536,26 -274,25 
0.492 -549,27 -275,25 
0.500 -560,27 -275,26 
0.508 -569,27 -275,28 
0.517 -577,26 -276,29 
0.525 -586,11 -278,86 
0.533 -591,11 -279,87 
0.542 -596,11 -282,86 
0.550 -599,12 -284,85 

# jarret
0.000 5,56 -143,75 
0.008 -4,45 -144,75 
0.016 -14,45 -145,77 
0.025 -23,46 -148,76 
0.033 -33,45 -151,74 
0.041 -43,45 -153,75 
0.050 -46,93 -157,73 
0.058 -54,94 -161,72 
0.066 -59,36 -165,37 
0.075 -68,95 -170,31 
0.083 -77,93 -173,32 
0.091 -82,01 -175,33 
0.100 -90,00 -177,32 
0.108 -98,01 -178,31 
0.116 -106,00 -179,31 
0.125 -113,06 -180,29 
0.133 -121,05 -180,31 
0.141 -125,46 -180,31 
0.150 -132,46 -179,33 
0.158 -139,45 -178,34 
0.166 -145,80 -175,05 
0.175 -153,50 -172,39 
0.183 -158,63 -170,04 
0.191 -167,63 -167,03 
0.200 -175,64 -163,05 
0.208 -185,29 -160,06 
0.216 -194,29 -157,06 
0.225 -200,42 -154,39 
0.233 -210,41 -152,39 
0.241 -220,41 -150,39 
0.250 -230,12 -149,39 
0.258 -241,13 -149,37 
0.266 -254,11 -149,36 
0.275 -266,12 -149,37 
0.283 -280,12 -151,36 
0.291 -294,11 -153,35 
0.300 -307,12 -155,34 
0.308 -324,99 -157,98 
0.316 -339,99 -159,99 
0.325 -353,99 -163,00 
0.333 -365,70 -166,64 
0.342 -380,70 -168,65 
0.350 -394,70 -171,64 
0.358 -408,69 -172,65 
0.367 -423,98 -174,64 
0.375 -438,98 -174,65 
0.383 -452,98 -173,66 
0.392 -464,04 -171,38 
0.400 -476,04 -170,37 
0.408 -488,04 -168,38 
0.417 -500,97 -167,38 
0.425 -512,97 -165,39 
0.433 -522,97 -164,40 
0.442 -533,97 -163,39 
0.450 -542,97 -161,39 
0.458 -552,96 -160,40 
0.467 -560,97 -159,39 
0.475 -569,96 -158,40 
0.483 -577,96 -158,41 
0.492 -583,38 -158,41 
0.500 -591,38 -158,43 
0.508 -599,38 -159,44 
0.517 -609,32 -161,08 
0.525 -617,32 -162,08 
0.533 -623,68 -161,14 
0.542 -631,68 -162,15 
0.550 -638,67 -164,16 

# hanche
0.000 77,90 -27,56 
0.008 65,89 -27,56 
0.016 53,89 -28,55 
0.025 41,90 -29,56 
0.033 30,90 -31,58 
0.041 18,90 -34,57 
0.050 7,91 -36,58 
0.058 -3,09 -39,58 
0.066 -14,08 -41,59 
0.075 -24,08 -43,60 
0.083 -35,09 -45,59 
0.091 -46,08 -46,61 
0.100 -56,08 -48,59 
0.108 -67,08 -49,59 
0.116 -77,08 -50,57 
0.125 -87,08 -50,57 
0.133 -97,08 -50,57 
0.141 -107,07 -49,58 
0.150 -117,07 -49,57 
0.158 -127,07 -48,56 
0.166 -137,06 -46,57 
0.175 -147,06 -44,59 
0.183 -157,07 -42,60 
0.191 -168,06 -40,60 
0.200 -179,05 -38,59 
0.208 -189,06 -35,61 
0.216 -200,07 -33,61 
0.225 -211,08 -31,61 
0.233 -222,08 -29,64 
0.241 -233,08 -28,65 
0.250 -244,08 -28,63 
0.258 -255,08 -27,65 
0.266 -266,07 -28,64 
0.275 -276,07 -28,65 
0.283 -286,08 -29,66 
0.291 -297,07 -31,66 
0.300 -307,07 -33,64 
0.308 -317,08 -35,64 
0.316 -328,07 -38,64 
0.325 -338,08 -41,63 
0.333 -349,07 -44,64 
0.342 -359,07 -45,76 
0.350 -369,08 -48,75 
0.358 -379,08 -50,78 
0.367 -389,09 -53,76 
0.375 -399,08 -55,76 
0.383 -408,08 -57,74 
0.392 -417,08 -58,75 
0.400 -426,08 -59,76 
0.408 -436,08 -60,77 
0.417 -446,08 -61,76 
0.425 -455,09 -61,73 
0.433 -465,09 -60,75 
0.442 -475,09 -60,73 
0.450 -485,10 -59,72 
0.458 -495,11 -58,71 
0.467 -505,12 -57,69 
0.475 -515,12 -56,67 
0.483 -525,12 -54,70 
0.492 -535,12 -54,68 
0.500 -545,12 -53,68 
0.508 -551,33 -54,61 
0.517 -561,33 -54,62 
0.525 -570,33 -55,62 
0.533 -579,33 -56,61 
0.542 -587,38 -57,62 
0.550 -595,38 -58,63 

# début queue
0.000 121,97 1,93 
0.008 109,97 2,92 
0.016 97,97 1,92 
0.025 85,97 0,92 
0.033 73,97 -1,08 
0.041 62,97 -3,08 
0.050 51,97 -5,07 
0.058 39,97 -6,08 
0.066 28,97 -8,07 
0.075 17,97 -9,08 
0.083 6,97 -11,07 
0.091 -3,41 -11,84 
0.100 -14,41 -12,84 
0.108 -24,41 -13,83 
0.116 -35,42 -13,83 
0.125 -46,42 -13,84 
0.133 -56,42 -13,84 
0.141 -67,41 -12,84 
0.150 -77,41 -11,84 
0.158 -87,41 -10,85 
0.166 -99,27 -9,23 
0.175 -109,27 -6,23 
0.183 -120,27 -4,23 
0.191 -130,27 -2,24 
0.200 -141,27 -0,24 
0.208 -151,27 0,76 
0.216 -163,50 2,76 
0.225 -172,97 3,53 
0.233 -184,96 5,53 
0.241 -194,97 6,53 
0.250 -204,12 3,82 
0.258 -215,11 4,83 
0.266 -225,11 4,82 
0.275 -235,12 3,83 
0.283 -246,11 2,83 
0.291 -256,11 1,83 
0.300 -266,11 -0,17 
0.308 -276,12 -2,17 
0.316 -287,12 -5,17 
0.325 -297,12 -8,17 
0.333 -305,03 -9,08 
0.342 -313,10 -12,22 
0.350 -323,09 -14,22 
0.358 -333,09 -16,22 
0.367 -342,09 -18,22 
0.375 -351,09 -21,22 
0.383 -358,86 -22,22 
0.392 -368,86 -22,23 
0.400 -379,71 -23,23 
0.408 -389,71 -23,23 
0.417 -399,71 -23,23 
0.425 -408,71 -23,23 
0.433 -415,24 -23,22 
0.442 -424,24 -22,22 
0.450 -430,54 -24,30 
0.458 -441,54 -22,30 
0.467 -451,53 -21,30 
0.475 -460,53 -21,30 
0.483 -470,53 -20,30 
0.492 -479,53 -20,30 
0.500 -488,53 -20,30 
0.508 -498,53 -20,30 
0.517 -503,83 -22,54 
0.525 -513,83 -23,54 
0.533 -522,83 -24,54 
0.542 -531,83 -25,54 
0.550 -539,83 -27,54 

# pointe dos
0.000 -74,10 42,87 
0.008 -91,09 42,87 
0.016 -97,65 42,86 
0.025 -107,52 39,54 
0.033 -110,61 39,54 
0.041 -132,82 35,22 
0.050 -132,82 34,22 
0.058 -147,01 30,99 
0.066 -158,73 27,52 
0.075 -166,14 25,29 
0.083 -167,99 21,43 
0.091 -174,31 18,82 
0.100 -183,48 18,44 
0.108 -194,48 16,44 
0.116 -205,48 14,44 
0.125 -215,48 13,43 
0.133 -223,48 12,44 
0.141 -226,99 12,46 
0.150 -236,84 14,93 
0.158 -248,07 15,69 
0.166 -258,54 16,46 
0.175 -282,20 16,95 
0.183 -295,54 18,49 
0.191 -308,50 19,02 
0.200 -326,39 18,70 
0.208 -340,88 19,61 
0.216 -347,65 22,62 
0.225 -355,65 25,61 
0.233 -370,65 25,61 
0.241 -379,65 26,61 
0.250 -389,65 26,61 
0.258 -395,65 27,61 
0.266 -407,65 26,61 
0.275 -417,65 25,61 
0.283 -429,65 23,62 
0.291 -436,65 22,62 
0.300 -446,65 20,61 
0.308 -457,65 17,61 
0.316 -468,65 14,62 
0.325 -478,65 11,62 
0.333 -491,65 7,61 
0.342 -494,56 4,61 
0.350 -502,56 2,62 
0.358 -511,56 -0,38 
0.367 -518,56 -2,39 
0.375 -532,56 -6,38 
0.383 -535,01 -7,77 
0.392 -543,01 -9,76 
0.400 -547,92 -10,14 
0.408 -555,92 -10,14 
0.417 -558,99 -10,76 
0.425 -566,99 -10,76 
0.433 -574,99 -10,76 
0.442 -584,14 -10,15 
0.450 -592,14 -8,15 
0.458 -597,67 -6,54 
0.467 -605,67 -5,54 
0.475 -613,67 -4,54 
0.483 -621,67 -3,54 
0.492 -630,67 -3,54 
0.500 -637,67 -2,54 
0.508 -652,67 -3,54 
0.517 -661,05 -3,54 
0.525 -669,05 -3,55 
0.533 -678,28 -4,55 
0.542 -686,28 -5,55 
0.550 -694,28 -6,55 
